calibrate base: true
continue calib: true
method: lm_method
lambda: 100


----------------------------------
iteration: 1

eval(before): 2.25859e-05
del_dh_.norm(): 0.000341139
panda_left
-1.56132756874664e-05	-2.67908626201628e-07	-2.95659487479876e-05	 3.45069865836264e-05
-1.64603379191082e-05	-8.38575625363479e-06	 1.98546096487658e-05	 4.39410191327592e-05
-3.91063814447532e-06	-2.23057095973324e-05	-2.54720840262984e-06	 3.97353587076339e-05
 -1.3161038832042e-05	 1.46088116921896e-06	-5.46970705909382e-05	 3.60230654630132e-05
 2.65197895115647e-05	-1.47579437552335e-05	 6.73152226164391e-05	 2.46036962139969e-06
 3.03607400725092e-05	 6.93066868396061e-06	-0.000146051218181304	 5.44339705057001e-05
-8.85837557131888e-06	 3.23551112255454e-07	 3.66725979463848e-05	 8.40324744972392e-05
panda_right
 1.56132756876168e-05	 2.67908626205452e-07	 7.69526443812308e-06	-8.10087871436359e-06
 1.65569012787434e-05	-2.83752503930671e-06	-2.37349768377939e-05	-2.51121477913851e-05
 2.20837849322358e-05	 2.58987490367605e-05	 1.49858623968007e-05	-1.18629663654768e-05
 2.58975641975122e-05	-7.03990686148275e-06	 6.52144908464459e-05	  4.8782335606641e-05
-2.71432632170759e-05	 2.11363612685346e-05	 3.49345118293869e-05	-1.59883327317461e-05
-2.85126140219454e-05	-4.26563476104918e-06	 0.000214356140681152	-6.12114693030567e-05
 1.20033659429037e-05	-3.22502613790618e-07	                    0	 3.97311981840009e-05




----------------------------------
iteration: 2

rate: 14.5416
eval(before): 1.93015e-05
del_dh_.norm(): 0.00030873
panda_left
-2.93878291592474e-05	-5.09513513486825e-07	 -5.5569313736173e-05	 6.57028318377076e-05
-3.11722428944368e-05	-1.59098245777363e-05	 3.73459869059683e-05	 8.36326273537152e-05
-7.18449878050241e-06	-4.17898062570423e-05	-4.16349442948698e-06	 7.50064321896833e-05
-2.53479206760752e-05	 2.43504190050203e-06	 -0.00010344199941192	 6.88754326211087e-05
 4.99736069572943e-05	-2.86171084549488e-05	 0.000129507173231695	 4.06873109622036e-06
 5.76106220069876e-05	 1.26526094311022e-05	-0.000281045036204023	  0.00010294681847337
-1.72225748910823e-05	 6.16207730836774e-07	 6.80408187988638e-05	 0.000160190991563918
panda_right
 2.93878291613896e-05	 5.09517939949606e-07	 1.43576795324984e-05	-1.55086164831297e-05
 3.10032189535921e-05	-5.22747660041808e-06	-4.53343949432701e-05	-4.75233300507726e-05
 4.21172774391756e-05	 4.94626321574859e-05	 2.89113120274687e-05	-2.18027183306118e-05
 4.95084979121867e-05	-1.36305210988013e-05	 0.000123983407933967	 9.45304402805363e-05
-5.16568146925675e-05	 4.00017895950676e-05	 6.72982892511255e-05	-3.09005573592062e-05
-5.43773745849162e-05	 -8.2115288072531e-06	 0.000405991649990945	 -0.00011861357669919
 2.24429322653259e-05	-6.14369580947242e-07	                    0	 7.64951620746417e-05




----------------------------------
iteration: 3

rate: 13.7895
eval(before): 1.66399e-05
del_dh_.norm(): 0.000279703
panda_left
-4.15311487070641e-05	 -7.2737579981848e-07	-7.84143994092634e-05	 9.39247609965438e-05
-4.43332432134752e-05	-2.26671775873116e-05	 5.26759327937996e-05	 0.000119496717006172
-9.90556819222026e-06	-5.87497063651852e-05	-4.98640801094904e-06	 0.000106287801752207
-3.66531898618292e-05	 2.99465462278954e-06	-0.000146857219979674	 9.88400882702919e-05
  7.0683110381957e-05	-4.16625301703849e-05	  0.00018698766770599	 4.95786295128789e-06
 8.20635764408126e-05	   1.731349080344e-05	-0.000406026273610531	 0.000146211827714922
-2.51416852857839e-05	  8.8103180372387e-07	 9.47196581201851e-05	 0.000229153047865715
panda_right
 4.15311487083796e-05	 7.27387699295074e-07	 2.01080742399992e-05	-2.23093945547338e-05
 4.35729059406572e-05	-7.22271680322249e-06	-6.49878756571155e-05	-6.74743275483846e-05
 6.03189024850856e-05	 7.09169923273859e-05	 4.18871357922172e-05	-3.00088941199768e-05
 7.10740467476643e-05	-1.98174023861248e-05	 0.000176946263796533	 0.000137493963516832
-7.37986511573958e-05	 5.68418015370231e-05	 9.73553085263643e-05	-4.48480559274983e-05
-7.78514377160126e-05	-1.18721916091775e-05	 0.000577278124069506	-0.000172659334970336
 3.14951503640444e-05	-8.78636040352874e-07	                    0	 0.000110610520204943




----------------------------------
iteration: 4

rate: 12.9808
eval(before): 1.44799e-05
del_dh_.norm(): 0.000253713
panda_left
-5.22275152312848e-05	-9.23808543935651e-07	-9.84600940696304e-05	 0.000119475129112611
 -5.6118657548538e-05	-2.87421471517876e-05	 6.60298263196137e-05	 0.000151912930541535
-1.21473473067831e-05	-7.34523592919573e-05	-5.13527428961079e-06	 0.000134004340064575
-4.71596294282222e-05	  3.2023068998725e-06	-0.000185500928600206	 0.000126176299638454
 8.89369032411539e-05	-5.39700101976559e-05	 0.000240138424303296	 5.24235001631424e-06
 0.000104001924040473	 2.10435161597299e-05	 -0.00052193929116138	 0.000184824359404955
-3.26590022015035e-05	 1.12077983732905e-06	 0.000117254396563138	  0.00029154447230661
panda_right
 5.22275152320004e-05	 9.23829909756509e-07	 2.50533249998327e-05	-2.85782722613931e-05
 5.44739906610871e-05	-8.87015196684245e-06	-8.28690981645076e-05	-8.51847372704053e-05
 7.68830181749548e-05	 9.04654314193494e-05	  5.4011386925278e-05	-3.66534915698128e-05
 9.08090272039095e-05	-2.56409232890644e-05	 0.000224679018013531	 0.000177899736243599
-9.38015782619587e-05	 7.18748582992708e-05	 0.000125339581153497	-5.79293934023301e-05
-9.91669695980038e-05	-1.52780359272652e-05	  0.00073033629738337	-0.000223744409117411
 3.93163918734821e-05	-1.11803375551994e-06	                    0	 0.000142358335228836




----------------------------------
iteration: 5

rate: 12.1259
eval(before): 1.27241e-05
del_dh_.norm(): 0.000230452
panda_left
-6.16406001976831e-05	-1.10090049170504e-06	-0.000116024998203153	 0.000142625073177647
-6.66840964818006e-05	-3.42096321816944e-05	 7.75778562627281e-05	 0.000181222903076638
-1.39741406021669e-05	-8.61373531506027e-05	 -4.7135368926846e-06	 0.000158536432258003
-5.69413166750132e-05	 3.11223277365481e-06	-0.000219873720636222	 0.000151121409507403
  0.00010499391920536	-6.56071521854784e-05	 0.000289312609570506	 5.02098056727257e-06
 0.000123679555540738	 2.39574769845871e-05	-0.000629637299465369	 0.000219310762942923
-3.98127419562654e-05	 1.33793334500778e-06	 0.000136128283878782	 0.000347942175799601
panda_right
 6.16406001983681e-05	 1.10093252406688e-06	 2.92880096627807e-05	-3.43806403169154e-05
 6.38914723954819e-05	-1.02113892582948e-05	-9.91370277108917e-05	-0.000100854803874196
 9.19826025055665e-05	 0.000108291885974567	 6.53709150033992e-05	-4.18925015434803e-05
 0.000108904756127484	-3.11368900363921e-05	 0.000267700413488685	 0.000215953905346762
-0.000111875650889989	 8.52953695953274e-05	 0.000151458639913032	-7.02318636997696e-05
-0.000118533557865653	-1.84558875558298e-05	 0.000867062734116337	-0.000272214161692088
 4.60452276116044e-05	-1.33502156722922e-06	                    0	 0.000171986729026529




----------------------------------
iteration: 6

rate: 11.2384
eval(before): 1.12941e-05
del_dh_.norm(): 0.000209642
panda_left
-6.99157727081717e-05	-1.26053762034896e-06	-0.000131391968229983	 0.000163617769646551
-7.61676811903442e-05	-3.91361644433476e-05	 8.74761672695419e-05	 0.000207734074972285
 -1.5442187772085e-05	-9.70197017823601e-05	-3.81080061193269e-06	 0.000180224640796408
-6.60645653044981e-05	  2.7713878078411e-06	-0.000250424540786457	 0.000173892477561652
 0.000119086459833845	-7.66342836637287e-05	  0.00033483641610602	 4.37882891879763e-06
 0.000141324791290862	 2.61565630044526e-05	-0.000729890863689963	 0.000250136393096418
-4.66366637318104e-05	 1.53472628870465e-06	 0.000151769423664706	 0.000398877009923781
panda_right
 6.99157727101904e-05	 1.26058092132075e-06	 3.28958572200928e-05	-3.97734753330568e-05
 7.19898899159724e-05	-1.12833237624964e-05	-0.000113937066769856	-0.000114667073791047
 0.000105771637742998	 0.000124562507229304	 7.60427104117544e-05	-4.58673549027894e-05
 0.000125531651852387	-3.63370824454992e-05	 0.000306477676983388	   0.0002518438637874
 -0.00012821038211813	  9.7276363883975e-05	 0.000175896732172652	-8.18328411833234e-05
-0.000136140393026526	-2.14294283363383e-05	 0.000989153683374041	-0.000318370665898611
 5.18044517208379e-05	-1.53181274895867e-06	                    0	 0.000199714909604274




----------------------------------
iteration: 7

rate: 10.3343
eval(before): 1.0127e-05
del_dh_.norm(): 0.000191036
panda_left
-7.71821481932318e-05	-1.40442263182235e-06	-0.000144812140853096	 0.000182671351174041
 -8.4692011836046e-05	-4.35808541712097e-05	 9.58679335028183e-05	 0.000231723122716611
-1.66006575519596e-05	-0.000106292349816398	-2.50461597134681e-06	 0.000199373875546339
 -7.4588765348093e-05	 2.22038811373967e-06	-0.000277556010484257	 0.000194687866266123
 0.000131422922105056	-8.71052713994247e-05	 0.000377010683939525	 3.38906682143619e-06
 0.000157142955261168	 2.77299617282608e-05	-0.000823395713193959	 0.000277712621836972
-5.31606165392637e-05	 1.71316977286134e-06	 0.000164556932673919	 0.000444836642525441
panda_right
 7.71821481936698e-05	  1.4044773649059e-06	 3.59510154709873e-05	-4.48064396691478e-05
 7.89156009527994e-05	-1.21186635332021e-05	 -0.00012740212992418	-0.000126787938426582
 0.000118387225602692	 0.000139427365162541	 8.60950763527435e-05	-4.87062760580742e-05
 0.000140841547778344	-4.12697275846664e-05	 0.000341431645376598	 0.000285740005969079
-0.000142976737326912	 0.000107971859743939	 0.000198817502870915	-9.28009589551293e-05
-0.000152158241205539	-2.42195810465026e-05	  0.00109812636971976	-0.000362477907614807
 5.67028779797622e-05	-1.71039961190287e-06	                    0	 0.000225736687447694




----------------------------------
iteration: 8

rate: 9.43084
eval(before): 9.1719e-06
del_dh_.norm(): 0.000174411
panda_left
-8.35544074804502e-05	-1.53409261390804e-06	-0.000156508502465967	 0.000199981513529602
-9.23659137625848e-05	-4.75962253152281e-05	 0.000102884365169218	 0.000253439046994085
-1.74925198938991e-05	-0.000114128421949845	-8.62036968469523e-07	 0.000216257125259586
-8.25671321739528e-05	  1.4943293783949e-06	-0.000301629207147182	 0.000213688722836726
 0.000142190246873297	-9.70682465271371e-05	 0.000416112504718512	  2.1145430970498e-06
 0.000171318689413234	 2.87562687414198e-05	-0.000910779858820564	 0.000302403125800304
-5.94110163389089e-05	 1.87507428988489e-06	 0.000174826443555062	 0.000486268419084175
panda_right
 8.35544074804239e-05	 1.53415861962136e-06	 3.85191647662126e-05	-4.95228267572628e-05
 8.47988054527176e-05	 -1.2746397158042e-05	-0.000139653640135652	-0.000137369021935433
 0.000129951465139378	 0.000153021992478777	 9.55886426995495e-05	-5.05254685698207e-05
 0.000154969748003394	-4.59599159488072e-05	 0.000372941378882285	 0.000317797268474479
-0.000156328937620382	 0.000117518975458003	 0.000220366402547655	-0.000103197141224165
-0.000166741228125256	-2.68448444001142e-05	   0.0011953380352871	-0.000404766790171827
 6.08369332346624e-05	-1.87257564666814e-06	                    0	 0.000250223543463436




----------------------------------
iteration: 9

rate: 8.54519
eval(before): 8.38814e-06
del_dh_.norm(): 0.000159568
panda_left
 -8.9134411855849e-05	-1.65093501376754e-06	-0.000166679047613962	 0.000215723845369221
-9.92859864252783e-05	 -5.1228956938733e-05	  0.00010864564258029	 0.000273105944937521
-1.81553111752384e-05	-0.000120683243437462	 1.05902005398987e-06	 0.000231118794177584
-9.00473737460686e-05	 6.23502905674295e-07	-0.000322967946156641	 0.000231060355658565
 0.000151556116112669	-0.000106566245463882	 0.000452396793107738	 6.09159470202061e-07
 0.000184018036057851	 2.93047328309795e-05	-0.000992610079523572	 0.000324529405071319
-6.54112651416007e-05	 2.02206974901784e-06	   0.0001828750101105	 0.000523582162284138
panda_right
 8.91344118566899e-05	 1.65101190699755e-06	 4.06584955555117e-05	-5.39603843124796e-05
 8.97553416586736e-05	-1.31922112177496e-05	-0.000150802461557948	-0.000146548462885296
 0.000140573119593195	 0.000165468781539951	 0.000104577273229377	-5.14302244227183e-05
 0.000168036854186952	-5.04299655032451e-05	 0.000401348315479063	 0.000348156619570881
-0.000168406089436463	 0.000126039801876343	 0.000240672789667368	-0.000113075507243473
-0.000180028451696676	-2.93215865345414e-05	  0.00128200293112347	 -0.00044543930180619
 6.42920707134197e-05	-2.01995543049716e-06	                    0	  0.00027332729556171




----------------------------------
iteration: 10

rate: 7.69312
eval(before): 7.74283e-06
del_dh_.norm(): 0.000146325
panda_left
-9.40126370453835e-05	-1.75620210132699e-06	-0.000175499587944315	 0.000230055916244481
-0.000105537977643211	-5.45205384581644e-05	 0.000113261785552108	 0.000290925510673222
-1.86218066616093e-05	-0.000126096154895711	 3.20858952809205e-06	  0.00024417768865775
-9.70722862088612e-05	-3.65980436719371e-07	-0.000341862618138385	 0.000246953530599558
   0.0001596709259147	-0.000115637779634459	    0.000486097816677	-1.08093512536085e-06
 0.000195390310581143	 2.94363550432826e-05	 -0.00106939782913513	 0.000344375690793691
-7.11821177375037e-05	 2.15562350947804e-06	 0.000188965478520637	 0.000557152870928123
panda_right
  9.4012637044923e-05	 1.75628933984726e-06	 4.24205669742085e-05	-5.81520335244513e-05
 9.38882809094844e-05	-1.34788614273641e-05	-0.000160949759017384	-0.000154452089964612
 0.000150349096278018	 0.000176878249686587	 0.000113108848361212	-5.15159185467468e-05
  0.00018015038905627	-5.46997430915959e-05	 0.000426960004573559	 0.000376946328139694
-0.000179333656828134	 0.000133643067294033	 0.000259851857820041	-0.000122484162755645
-0.000192145440346964	-3.16642997518023e-05	  0.00135920751071752	-0.000484672302279618
  6.7144023450464e-05	-2.15399252682372e-06	                    0	  0.00029518245214221




----------------------------------
iteration: 11

rate: 6.88797
eval(before): 7.20951e-06
del_dh_.norm(): 0.000134522
panda_left
-9.82694463237737e-05	-1.85102404131527e-06	-0.000183126235351189	 0.000243119143750786
-0.000111198002877638	-5.75078521724016e-05	 0.000116833470338728	 0.000307079280288908
-1.89206096466702e-05	 -0.00013049214241561	 5.54362050015493e-06	 0.000255629689285643
-0.000103680283157288	-1.45164497223268e-06	-0.000358573632650786	 0.000261505668132663
 0.000166669557108841	-0.000124317340087224	 0.000517430662304347	-2.91630362418745e-06
 0.000205569786027121	 2.92048587194341e-05	 -0.00114160458942528	 0.000362193293267468
-7.67420026531669e-05	 2.27705661377678e-06	 0.000193330376314069	 0.000587323319249049
panda_right
 9.82694463229136e-05	 1.85112098228225e-06	 4.38510677171942e-05	 -6.2126487249689e-05
 9.72893434075758e-05	-1.36265026459973e-05	-0.000170187797875417	-0.000161194489278524
 0.000159365760753675	 0.000187350184553177	 0.000121225961088191	-5.08689092070996e-05
 0.000191406240163485	-5.87869461474023e-05	 0.000450053474499796	 0.000404283159972642
-0.000189224791122309	 0.000140425617288212	 0.000278006166107278	 -0.00013146590245429
-0.000203205470114112	-3.38858251110974e-05	  0.00142792399391182	-0.000522620493399632
 6.94599146151761e-05	-2.27599560265319e-06	                    0	 0.000315908257444646




----------------------------------
iteration: 12

rate: 6.13988
eval(before): 6.76686e-06
del_dh_.norm(): 0.000124011
panda_left
-0.000101976220827656	-1.93642072666414e-06	-0.000189697608808184	 0.000255040465593074
-0.000116333626489208	-6.02236890016094e-05	 0.000119452776448379	 0.000321730653253173
 -1.9076669055634e-05	-0.000133983301378701	 8.02707481416121e-06	 0.000265650143052575
-0.000109905868289174	-2.61417476038651e-06	-0.000373334501813456	 0.000274841953635759
 0.000172672964758853	-0.000132635844576247	 0.000546592643379546	-4.86331474840182e-06
 0.000214677208062469	 2.86575455926669e-05	 -0.00120964674193525	 0.000378204429017648
 -8.2107304578934e-05	 2.38755840640792e-06	 0.000196175368989142	 0.000614406524002824
panda_right
 0.000101976220827813	 1.93652666597732e-06	 4.49904827520791e-05	-6.59087977622735e-05
 0.000100040156734107	-1.36529830464322e-05	-0.000178600685540045	-0.000166879991345432
 0.000167700103797893	  0.00019697467914045	 0.000128966521511731	-4.95673691901347e-05
 0.000201889941997893	-6.27073514833718e-05	  0.00047087826174301	   0.0004302734353542
 -0.00019818153280608	 0.000146473729407669	 0.000295227140262143	 -0.00014005881897294
-0.000213310755632587	-3.59975482780161e-05	  0.00148902248777759	-0.000559419298701555
 7.12992419326759e-05	-2.38714292197916e-06	                    0	 0.000335610499368413




----------------------------------
iteration: 13

rate: 5.4555
eval(before): 6.39769e-06
del_dh_.norm(): 0.000114663
panda_left
-0.000105196363141155	-2.01331246883287e-06	-0.000195336794130639	 0.000265933836679862
-0.000121004821994236	-6.26972053898362e-05	 0.000121203890570267	 0.000335026709949557
-1.91117326954172e-05	-0.000136670151424432	 1.06271379248089e-05	 0.000274396002851264
-0.000115780056015928	-3.83699858468528e-06	-0.000386354609030573	 0.000287076374041388
 0.000177789604661591	-0.000140621034770499	 0.000573764635989648	-6.89335777252377e-06
 0.000222821157305079	 2.78360515657887e-05	 -0.00127389997415697	   0.0003926056182895
-8.72926100968426e-05	 2.48819969203151e-06	 0.000197682331050299	 0.000638688079382883
panda_right
 0.000105196363143134	 2.01342667150844e-06	 4.58746841448485e-05	-6.95208255216875e-05
  0.00010221337250879	-1.35741042022517e-05	-0.000186265052966943	-0.000171603568723669
 0.000175420777928555	 0.000205833069551695	 0.000136364296916411	-4.76820317390155e-05
 0.000211677816714384	 -6.6475034968742e-05	 0.000489659138130745	 0.000455014021150293
-0.000206295896091691	 0.000151864281629578	 0.000311596341441064	-0.000148296845678983
-0.000222553526266193	-3.80095716278046e-05	  0.00154328181407243	-0.000595187255273615
 7.27147500320961e-05	-2.48849538454772e-06	                    0	 0.000354383091882168




----------------------------------
iteration: 14

rate: 4.8381
eval(before): 6.08816e-06
del_dh_.norm(): 0.000106356
panda_left
-0.000107986188294681	-2.08252966514903e-06	-0.000200153076548354	 0.000275901569463333
-0.000125264823407715	-6.49543299324476e-05	 0.000122163746393095	 0.000347099849223548
-1.90447457844724e-05	-0.000138642817449972	 1.33165313152314e-05	 0.000282007746014791
-0.000121330746056883	-5.10592846731904e-06	-0.000397821690029159	 0.000298312670400684
 0.000182116714267045	-0.000148297827545374	 0.000599112334697151	-8.98215677434705e-06
 0.000230099275261232	 2.67770138144574e-05	 -0.00133470326405371	 0.000405570684182122
-9.23109251603189e-05	 2.57994457842421e-06	 0.000198012071772437	 0.000660428358040758
panda_right
 0.000107986188297663	 2.08265139109896e-06	 4.65354554120529e-05	-7.29816504387281e-05
 0.000103873659436615	-1.34038533084439e-05	-0.000193250684351265	-0.000175451661811632
 0.000182589018727562	 0.000213998782155447	 0.000143449384377811	-4.52768749102106e-05
 0.000220837987452369	-7.01025648631598e-05	 0.000506598568524616	 0.000478593194486563
-0.000213650848679845	 0.000156665790754865	 0.000327186589495796	-0.000156210230649157
 -0.00023101699768186	-3.99308654510969e-05	  0.00159139918384331	-0.000630028147185387
 7.37532031192375e-05	-2.58100826516917e-06	                    0	 0.000372309458618009




----------------------------------
iteration: 15

rate: 4.28798
eval(before): 5.8271e-06
del_dh_.norm(): 9.8983e-05
panda_left
-0.000110395714925567	-2.14482154282412e-06	-0.000204243484992226	 0.000285035536207825
-0.000129160880952585	-6.70181235392518e-05	 0.000122402626666149	 0.000358069257916633
-1.88921997773371e-05	-0.000139982090488383	 1.60719147551343e-05	 0.000288611089550671
-0.000126583057361338	-6.40884408553295e-06	-0.000407904058748702	 0.000308645212016287
 0.000185741461934893	-0.000155688627254629	 0.000622787441855744	-1.11091788929333e-05
 0.000236599365760418	  2.5512659445529e-05	 -0.00139236250055369	 0.000417253401294342
-9.71738637475473e-05	 2.66366114020063e-06	 0.000197306753170277	  0.00067986456594185
panda_right
 0.000110395714928541	 2.14495005866317e-06	 4.70009500227509e-05	-7.63079317267719e-05
 0.000105078585421037	-1.31546084885762e-05	-0.000199621100912694	-0.000178502926211281
 0.000189259462429797	 0.000221538099729706	 0.000150248627883307	-4.24097411601671e-05
 0.000229431279674982	-7.36011725391695e-05	 0.000521878924366266	  0.00050109144790846
-0.000220321196678229	 0.000160939335672571	 0.000342062931926388	-0.000163825960456942
-0.000238776250413295	-4.17694009891312e-05	  0.00163399884131434	-0.000664032763238033
 7.44560692208796e-05	-2.66554176979049e-06	                    0	 0.000389463767885795




----------------------------------
iteration: 16

rate: 3.80303
eval(before): 5.6055e-06
del_dh_.norm(): 9.24458e-05
panda_left
-0.000112469367773678	-2.20086404572853e-06	-0.000207694160371759	  0.00029341824410439
 -0.00013273493164514	-6.89090988630727e-05	 0.000121984714329692	 0.000368042236274551
-1.86684384057855e-05	-0.000140760380144629	 1.88733639131772e-05	 0.000294318527306629
-0.000131559625332121	-7.73541790060856e-06	-0.000416752603500644	 0.000318159807400383
 0.000188741978758546	 -0.00016281360252474	 0.000644928776580537	 -1.3257117028219e-05
 0.000242400386247489	 2.40713254972092e-05	  -0.0014471537312429	 0.000427789840831289
-0.000101891814810084	 2.74013101540827e-06	 0.000195692033878417	 0.000697212664738907
panda_right
 0.000112469367779651	 2.20099864176561e-06	 4.72961023102854e-05	-7.95142175713446e-05
  0.00010587940141991	 -1.2837321327257e-05	-0.000205434096302381	-0.000180828925831275
 0.000195480873685252	 0.000228510854348898	 0.000156785986986354	-3.91329022143121e-05
 0.000237512022124867	-7.69809042212838e-05	 0.000535664474408032	 0.000522582222786209
-0.000226374383253875	 0.000164739377515088	 0.000356283549920264	 -0.00017116812941786
-0.000245899022662695	-4.35322671148096e-05	  0.00167163978324878	-0.000697280591011662
 7.48601262290295e-05	-2.74287053924213e-06	                    0	 0.000405912006803204




----------------------------------
iteration: 17

rate: 3.3794
eval(before): 5.41606e-06
del_dh_.norm(): 8.6655e-05
panda_left
-0.000114246601483813	 -2.2512669790929e-06	-0.000210581569428309	  0.00030112380113365
-0.000136024194662421	-7.06455044095789e-05	 0.000120968605347816	 0.000377115387970756
-1.83859263006217e-05	-0.000141042570321006	 2.17039155746108e-05	 0.000299230707374917
-0.000136280866738899	-9.07687532418275e-06	-0.000424502577994787	 0.000326934454346116
 0.000191188284879604	 -0.00016969093132206	 0.000665663312018059	-1.54114419105606e-05
  0.00024757333916025	 2.24779174192038e-05	 -0.00149932612749875	  0.00043730043520472
-0.000106474087775343	 2.81005804265623e-06	 0.000193278969269465	 0.000712669155529556
panda_right
 0.000114246601488546	 2.25140697256173e-06	  4.7442988936502e-05	-8.26132187879563e-05
 0.000106321738229096	-1.24616785288347e-05	-0.000210742228646791	 -0.00018249475885191
 0.000201296791122453	 0.000234971053318436	 0.000163082863829301	-3.54935761539257e-05
 0.000245128759550313	-8.02507540665541e-05	 0.000548103182702496	 0.000543132548322086
-0.000231871209640471	 0.000168114489065475	 0.000369900532886738	-0.000178258267318134
-0.000252446426870922	-4.52257735216621e-05	  0.00170482266553112	-0.000729841158844326
 7.49979986585896e-05	-2.81369219965664e-06	                    0	 0.000421712931262113




----------------------------------
iteration: 18

rate: 3.01211
eval(before): 5.25293e-06
del_dh_.norm(): 8.15294e-05
panda_left
  -0.0001157624545437	-2.29658044777855e-06	-0.000212973582774349	 0.000308218779294185
-0.000139061699441673	-7.22435766344863e-05	 0.000119407774835537	 0.000385375693191937
-1.80554841186395e-05	-0.000140886787882039	 2.45491693554575e-05	 0.000303437663410018
 -0.00014076521562731	 -1.0425786535989e-05	-0.000431275207998693	 0.000335040019549921
 0.000193143120534796	-0.000176337018878369	 0.000685107143606074	-1.75600146316526e-05
 0.000252182072974126	 2.07543141838924e-05	 -0.00154910463005915	  0.00044589180718931
-0.000110929040876339	 2.87407604138335e-06	 0.000190165694649788	 0.000726412737536568
panda_right
 0.000115762454547947	 2.29672519092199e-06	 4.74611500360683e-05	-8.56160449736901e-05
 0.000106446225768554	-1.20362456433919e-05	-0.000215593274568478	-0.000183559640213075
 0.000206746101968067	 0.000240967445168318	 0.000169158390531684	-3.15343918925861e-05
 0.000252324885843621	 -8.3418782620442e-05	 0.000559328324718997	 0.000562803654246342
-0.000236866486200436	 0.000171108002979208	 0.000382960550128825	-0.000185115628658455
-0.000258473596327023	-4.68555412929057e-05	  0.00173399596473655	-0.000761775269719005
 7.48986329766469e-05	-2.87863505864166e-06	                    0	 0.000436918907241918




----------------------------------
iteration: 19

rate: 2.69557
eval(before): 5.11133e-06
del_dh_.norm(): 7.69952e-05
panda_left
-0.000117048041270535	 -2.3373006824097e-06	-0.000214930434321973	  0.00031476299048966
-0.000141876754766835	-7.37177636708704e-05	 0.000117351013390333	 0.000392901472168547
-1.76864947213937e-05	-0.000140345092809368	 2.73969457851799e-05	 0.000307019919766924
-0.000145029333641094	-1.17758841734575e-05	-0.000437179131462047	 0.000342540865536632
 0.000194662692666819	-0.000182766690682863	 0.000703366385850872	-1.96927490390198e-05
 0.000256284003358371	 1.89197257911787e-05	 -0.00159669235464372	  0.00045365838539457
-0.000115264193155361	 2.93275580450528e-06	 0.000186438915981137	  0.00073860584141525
panda_right
 0.000117048041274683	 2.33744956419198e-06	 4.73678735457656e-05	-8.85324118086959e-05
 0.000106289043946176	 -1.1568594051777e-05	 -0.00022003064401667	-0.000184077420312969
 0.000211863552602975	 0.000246544030797736	 0.000175029684650111	-2.72938168357978e-05
 0.000259139207611139	-8.64922214264742e-05	 0.000569459943858761	 0.000581651502052388
-0.000241409619668383	 0.000173758587989155	  0.00039550547334854	-0.000191757451769845
-0.000264030269318761	-4.84265829113312e-05	  0.00175956148835513	-0.000793136137759679
 7.45877182147568e-05	-2.93826502953139e-06	                    0	 0.000451576642902713




----------------------------------
iteration: 20

rate: 2.42402
eval(before): 4.98743e-06
del_dh_.norm(): 7.29854e-05
panda_left
-0.000118130988756644	-2.37387529507603e-06	-0.000216505570891586	 0.000320810179986934
-0.000144495364834206	 -7.5080924395722e-05	 0.000114842825376952	 0.000399763251879484
-1.72870843268413e-05	 -0.00013946409805622	 3.02369828874023e-05	 0.000310049481358492
-0.000149088297330423	-1.31219053707611e-05	-0.000442311692549716	 0.000349495437839884
 0.000195797344448194	-0.000188993364287814	 0.000720538004879916	-2.18013212611754e-05
 0.000259930760921705	 1.69910087521223e-05	 -0.00164227275685239	 0.000460683823483985
-0.000119486323111101	 2.98661140022134e-06	 0.000182175229765946	 0.000749396041261858
panda_right
 0.000118130988759883	  2.3740277438205e-06	 4.71784478073546e-05	-9.13708205345594e-05
 0.000105882412060665	-1.10654139292594e-05	-0.000224093764189214	-0.000184097067846872
 0.000216680202213935	 0.000251740525594247	 0.000180712075243704	-2.28065446177207e-05
 0.000265606445032301	-8.94775657953358e-05	 0.000578606164074726	 0.000599727277126634
-0.000245545143546974	 0.000176100761479974	 0.000407572910415224	-0.000198199183299326
-0.000269161316511158	-4.99433727591491e-05	   0.0017818793034805	-0.000823970314267234
 7.40880586878817e-05	-2.99309186229933e-06	                    0	  0.00046572785409738




----------------------------------
iteration: 21

rate: 2.19183
eval(before): 4.87812e-06
del_dh_.norm(): 6.94391e-05
panda_left
 -0.00011903582494579	-2.40670802961278e-06	 -0.00021774640821522	 0.000326408649917937
-0.000146940599074778	-7.63445047530408e-05	 0.000111923795730753	 0.000406024548391524
-1.68642803923725e-05	-0.000138285526586897	  3.3060676188818e-05	  0.00031259071935177
-0.000152955765089949	-1.44594542051049e-05	 -0.00044676010104555	 0.000355956776754671
  0.00019659215680796	-0.000195029201088212	 0.000736710584993297	-2.38789151212073e-05
 0.000263168774119933	 1.49829445325495e-05	 -0.00168601158866171	 0.000467042262532281
-0.000123601555224796	 3.03610584075173e-06	 0.000177442291228469	 0.000758917358170416
panda_right
 0.000119035824948784	 2.40686351286897e-06	 4.69063861760864e-05	-9.41387147818264e-05
 0.000105255024340544	-1.05326141410223e-05	-0.000227818428779847	-0.000183663109124727
 0.000221223826722581	 0.000256592776599636	   0.0001862193022772	-1.81038481152227e-05
 0.000271757677771878	-9.23806568227551e-05	 0.000586864372604345	 0.000617077832388866
-0.000249313196490003	 0.000178165344921052	 0.000419196682127471	-0.000204454680016428
-0.000273907216976923	-5.14099094017046e-05	  0.00180127213549233	-0.000854318441389033
 7.34199037247705e-05	-3.04357475616384e-06	                    0	 0.000479409826665958




----------------------------------
iteration: 22

rate: 1.99369
eval(before): 4.78086e-06
del_dh_.norm(): 6.63014e-05
panda_left
 -0.00011978432340679	-2.43616304872923e-06	-0.000218695002586435	 0.000331601817704069
-0.000149232919932264	-7.75186948789535e-05	 0.000108630926236759	 0.000411742567163618
-1.64241507812838e-05	-0.000136846711312364	 3.58608523282511e-05	  0.00031470116591184
-0.000156644126019782	-1.57848819437102e-05	-0.000450602473039943	 0.000361973011896244
 0.000197087488137078	-0.000200885241550649	 0.000751965042844578	-2.59200049191159e-05
 0.000266039793476474	 1.29084852592067e-05	 -0.00172805864880005	 0.000472799438603352
-0.000127615435794046	 3.08165618449106e-06	 0.000172299848255646	 0.000767291457837109
panda_right
 0.000119784323410038	 2.43632107235917e-06	 4.65636260287835e-05	-9.68426182672288e-05
 0.000104432437009579	-9.97541090937392e-06	-0.000231237119449018	-0.000182816027921102
 0.000225519277249555	  0.00026113313938932	 0.000191563694789801	 -1.3213897260164e-05
 0.000277620741133205	-9.52067541595159e-05	  0.00059432228490545	 0.000633746089041661
-0.000252749953983379	 0.000179979869090095	 0.000430407249367817	-0.000210536387092698
-0.000278304487915361	-5.28297704962348e-05	  0.00181802929852853	-0.000884216075020897
 7.26012393559858e-05	-3.09012740428237e-06	                    0	 0.000492655933870559




----------------------------------
iteration: 23

rate: 1.82477
eval(before): 4.69362e-06
del_dh_.norm(): 6.35226e-05
panda_left
-0.000120395809553734	-2.46256880461681e-06	-0.000219388646502979	 0.000336428717166355
-0.000151390474470304	-7.86125686020492e-05	 0.000104997947583305	 0.000416968836632456
-1.59719251616243e-05	-0.000135181044405694	 3.86315699296821e-05	 0.000316432225831599
-0.000160164632512549	-1.70951828711276e-05	  -0.0004539087667312	 0.000367587799695268
 0.000197319458834058	-0.000206571525232344	 0.000766375282238089	-2.79201664248675e-05
 0.000268581362529918	 1.07789709710448e-05	 -0.00176854937283876	 0.000478013667945356
-0.000131532999794798	 3.12363812646515e-06	 0.000166800656049757	 0.000774628750468126
panda_right
 0.000120395809557377	 2.46272891178041e-06	  4.6160704912721e-05	-9.94882533806905e-05
 0.000103437412734524	-9.39840633921741e-06	-0.000234379300751175	-0.000181592630179117
 0.000229588799623635	 0.000265390818564233	 0.000196756326501871	-8.16205228175248e-06
  0.00028322057886139	-9.79606005887093e-05	 0.000601058903774905	 0.000649771399555957
-0.000255888018025788	 0.000181568934310921	 0.000441232085111015	-0.000216455494727236
-0.000282386072537667	-5.42061612271091e-05	  0.00183241021825418	 -0.00091369429306323
 7.16480471715053e-05	 -3.1331225381361e-06	                    0	 0.000505496082855195




----------------------------------
iteration: 24

rate: 1.68074
eval(before): 4.61473e-06
del_dh_.norm(): 6.10584e-05
panda_left
-0.000120887432758489	-2.48622153446253e-06	-0.000219860399227562	 0.000340924445618815
-0.000153429352962241	-7.96342071312271e-05	 0.000101055600618718	 0.000421749775392925
-1.55121015616491e-05	-0.000133318380730823	 4.13679479948612e-05	 0.000317829813753682
-0.000163527518640792	-1.83879042430104e-05	-0.000456741617490586	 0.000372840730317418
 0.000197320386187925	-0.000212097197307309	 0.000780008794336435	 -2.9875912049405e-05
 0.000270827241781394	 8.60432090501379e-06	 -0.00180760626266579	 0.000482736706366373
-0.000135358829408832	 3.16239013379102e-06	 0.000160991286534213	 0.000781029398504617
panda_right
 0.000120887432761852	 2.48638330346106e-06	 4.57069178512056e-05	-0.000102080645345158
 0.000102290226995337	-8.80565802757881e-06	-0.000237271688302392	-0.000180026377083205
 0.000233452318353237	 0.000269392175097386	 0.000201807156907834	-2.97112754072808e-06
 0.000288579557142704	-0.000100646479119058	 0.000607145384191396	 0.000665189880915465
-0.000258756768450332	 0.000182954530793551	 0.000451696003647947	-0.000222222078830313
 -0.00028618169011402	-5.55419572347957e-05	  0.00184464757268698	-0.000942780224657089
 7.05745326547744e-05	-3.17289601621468e-06	                    0	 0.000517957114135012




----------------------------------
iteration: 25

rate: 1.55777
eval(before): 4.54285e-06
del_dh_.norm(): 5.88689e-05
panda_left
-0.000121274408074231	 -2.5073884128382e-06	-0.000220139557666326	   0.0003451205691938
-0.000155363818612909	-8.05908091952668e-05	 9.68318988876538e-05	 0.000426127204019038
-1.50485395810281e-05	-0.000131285400074896	 4.40660169672991e-05	 0.000318934926368869
-0.000166742105588571	-1.96610677132879e-05	-0.000459157093026506	 0.000377767687566976
 0.000197119175049183	-0.000217470603193779	 0.000792927214537081	-3.17845517723151e-05
 0.000272807789716956	 6.39320253154551e-06	 -0.00184534016603979	 0.000487014516855698
-0.000139097105528299	 3.19821716254117e-06	 0.000154912844158624	 0.000786584240861586
panda_right
 0.000121274408077711	  2.5075514567806e-06	 4.52104572535394e-05	-0.000104624212208405
 0.000101008940700465	-8.20074079991848e-06	-0.000239938495773109	-0.000178147687645428
 0.000237127688842742	 0.000273161003977082	 0.000206725153964539	 2.33836636856072e-06
  0.00029371774386879	-0.000103268263668538	 0.000612645812383094	 0.000680034708155041
-0.000261382680049736	 0.000184156323772418	 0.000461821460635075	-0.000227845224294192
-0.000289718151980693	-5.68397423615277e-05	  0.00185495010015486	-0.000971497589069732
 6.93933280659551e-05	-3.20975050430649e-06	                    0	 0.000530063150768815




----------------------------------
iteration: 26

rate: 1.45257
eval(before): 4.47686e-06
del_dh_.norm(): 5.69189e-05
panda_left
-0.000121570231071521	-2.52631040046815e-06	-0.000220252074275211	 0.000349045482772771
 -0.00015720651166598	-8.14887889727688e-05	 9.23523670117368e-05	 0.000430138806132089
-1.45845420829045e-05	-0.000129105932754179	 4.67225904311989e-05	  0.00031978415421514
-0.000169816895802842	-2.09131010094339e-05	-0.000461205366522501	 0.000382401196516024
 0.000196741668181406	-0.000222699372646148	 0.000805186829475982	-3.36440697784544e-05
 0.000274550305326428	 4.15318048806853e-06	 -0.00188185143596677	 0.000490887942584699
-0.000142751653067569	 3.23139400586803e-06	 0.000148601599275369	  0.00079137563654346
panda_right
 0.000121570231075629	 2.52647436459421e-06	 4.46785369652555e-05	-0.000107122844693264
 9.96096424622157e-05	 -7.5868013997986e-06	-0.000242401659731192	-0.000175984217553336
 0.000240630922338533	 0.000276718784713371	 0.000211518403197268	 7.74800650872547e-06
 0.000298653156836535	-0.000105829464146818	 0.000617617906630153	 0.000694336391157827
-0.000263789608603268	 0.000185191906931208	 0.000471628812090759	-0.000233333135591241
 -0.00029301964653165	-5.81018420726132e-05	  0.00186350511418805	 -0.00099986708304214
 6.81156714067175e-05	-3.24395878636692e-06	                    0	 0.000541835907220687




----------------------------------
iteration: 27

rate: 1.3623
eval(before): 4.41587e-06
del_dh_.norm(): 5.51772e-05
panda_left
-0.000121786868717583	-2.54320481353622e-06	-0.000220220930036011	 0.000352724733905729
-0.000158968630621205	-8.23338630559154e-05	 8.76402587675306e-05	 0.000433818540830202
-1.41229264801537e-05	-0.000126801251847076	 4.93351517163479e-05	 0.000320410140530582
-0.000172759656908636	-2.21427793633743e-05	-0.000462931323110807	 0.000386770722909187
 0.000196210960997432	-0.000227790494633133	 0.000816839046151477	-3.54530208709494e-05
 0.000276079336542975	 1.89084863979042e-06	 -0.00191723097638889	 0.000494393304940579
-0.000146325980766488	 3.26216830611682e-06	 0.000142089548019109	 0.000795478236520737
panda_right
 0.000121786868722695	 2.54336937278458e-06	 4.41175013636761e-05	 -0.00010957997386995
 9.81066646209507e-05	-6.96660695284677e-06	-0.000244681045412284	-0.000173561109749817
  0.00024397638580473	 0.000280084907530027	 0.000216194205024239	 1.32412569548024e-05
 0.000303401985391651	-0.000108333266200858	 0.000622113650052819	 0.000708123015369207
-0.000265999048793278	 0.000186077027988051	 0.000481136545712119	 -0.00023869323256787
 -0.00029610799657362	-5.93303529853614e-05	  0.00187048074948017	 -0.00102790679864936
 6.67515653768628e-05	-3.27576674715083e-06	                    0	  0.00055329496726656




----------------------------------
iteration: 28

rate: 1.28454
eval(before): 4.35915e-06
del_dh_.norm(): 5.36163e-05
panda_left
-0.000121934929035751	-2.55826764172449e-06	-0.000220066464382461	 0.000356181314485154
-0.000160660093195943	-8.31311275947112e-05	 8.27167578113548e-05	 0.000437197016613739
-1.36660874889684e-05	-0.000124390335891531	 5.19017564767207e-05	 0.000320841993471851
-0.000175577496675864	-2.33491741356085e-05	-0.000464375103498148	 0.000390902955147848
 0.000195547684136751	-0.000232750383798739	  0.00082793081699417	-3.72104401074305e-05
  0.00027741695695712	-3.88054260328436e-07	 -0.00195156117525303	 0.000497562925694164
-0.000149823316314411	   3.290763266364e-06	 0.000135404907670936	 0.000798959690309115
panda_right
 0.000121934929041438	 2.55843249918839e-06	 4.35329246844317e-05	-0.000111998631651602
 9.65127750270776e-05	-6.34258794017299e-06	-0.000246794634980479	  -0.0001709012236755
 0.000247176979798287	 0.000283276877749548	 0.000220759161875861	 1.88032899595079e-05
 0.000307978787035115	-0.000110782566724028	 0.000626179859619892	 0.000721420465562551
-0.000268030366940941	 0.000186825789359144	 0.000490361484505103	-0.000243932238496281
-0.000299002891374006	-6.05271689735067e-05	  0.00187602796956375	 -0.00105563252366354
 6.53099175814905e-05	-3.30539605284067e-06	                    0	 0.000564458024074539




----------------------------------
iteration: 29

rate: 1.21724
eval(before): 4.30609e-06
del_dh_.norm(): 5.22121e-05
panda_left
-0.000122023811903519	-2.57167564169197e-06	-0.000219806669245832	 0.000359435920767358
 -0.00016228967937796	-8.38851270711957e-05	 7.76011613465376e-05	  0.00044030182617129
-1.32160518202999e-05	-0.000121890104463891	 5.44209488563737e-05	 0.000321105653959474
-0.000178276929947325	-2.45316085566373e-05	-0.000465572590789567	 0.000394822060812074
 0.000194770256814572	-0.000237584939645419	 0.000838505034671929	-3.89157643005824e-05
 0.000278583015212589	-2.67854183904482e-06	 -0.00198491674884957	 0.000500425593169693
-0.000153246636965168	 3.31738008973336e-06	 0.000128572554782126	 0.000801881284902137
panda_right
 0.000122023811910449	 2.57184052581673e-06	 4.29296973565076e-05	 -0.00011438150233351
 9.48393480444749e-05	-5.71687640915395e-06	-0.000248758698697042	-0.000168025346041937
  0.00025024429684779	 0.000286310499938802	 0.000225219253975976	 2.44208220696053e-05
 0.000312396662932091	-0.000113180005186417	 0.000629858699246766	  0.00073425262689375
-0.000269901010878289	 0.000187450826731552	 0.000499318970262275	 -0.00024905625518634
-0.000301722096093182	-6.16940041660026e-05	  0.00188028236323352	 -0.00108305806120061
 6.37986649668075e-05	-3.33304656728308e-06	                    0	   0.0005753410963471




----------------------------------
iteration: 30

rate: 1.15871
eval(before): 4.25619e-06
del_dh_.norm(): 5.09436e-05
panda_left
-0.000122061843084374	-2.58358822273947e-06	-0.000219457450462543	 0.000362507187751656
-0.000163865158437058	-8.45999153199542e-05	 7.23110462801655e-05	 0.000443157846900006
-1.27745258318567e-05	-0.000119315630224533	 5.68916888633015e-05	 0.000321224226725284
-0.000180863938300357	-2.56896195004126e-05	-0.000466555850891673	 0.000398549915920347
 0.000193895114845697	   -0.000242299599063	 0.000848600890723144	-4.05687669596913e-05
 0.000279595358826624	-4.97628977355572e-06	  -0.0020173655063204	  0.00050300697054914
-0.000156598696922123	 3.34220017553803e-06	 0.000121614412295765	 0.000804298532899939
panda_right
 0.000122061843091419	 2.58375288672274e-06	 4.23121031726059e-05	-0.000116730968160768
  9.3096516658562e-05	-5.09133961288294e-06	-0.000250587951578173	-0.000164952377052526
 0.000253188762461408	 0.000289200044383298	 0.000229579907289105	 3.00819651142905e-05
  0.00031666741399052	-0.000115527991483091	 0.000633188141909354	 0.000746641565253941
-0.000271626699179753	 0.000187963467976005	 0.000508023021944546	-0.000254070831908868
-0.000304281640690736	-6.28324133375439e-05	   0.0018833657563332	 -0.00111019545978844
  6.2224884015663e-05	-3.35889852419004e-06	                    0	 0.000585958709692819




----------------------------------
iteration: 31

rate: 1.1075
eval(before): 4.20905e-06
del_dh_.norm(): 4.97926e-05
panda_left
-0.000122056393389576	-2.59414915325177e-06	-0.000219032860079429	 0.000365411899068237
-0.000165393401840356	-8.52791098558405e-05	 6.68624230466922e-05	 0.000445787514136779
 -1.2342937677564e-05	-0.000116680329011371	 5.93132883580044e-05	 0.000321218276609491
-0.000183344023501047	-2.68229245339154e-05	-0.000467353522960344	 0.000402106317152048
 0.000192936914757998	-0.000246899383349151	 0.000858254198739595	-4.21694999986153e-05
 0.000280470035926253	-7.27755597046052e-06	  -0.0020489690260377	  0.00050532995674508
-0.000159882051093552	 3.36538709409679e-06	 0.000114549792376765	 0.000806261706825994
panda_right
 0.000122056393398062	 2.59431337152631e-06	 4.16838888263279e-05	-0.000119049148499231
 9.12933077980394e-05	-4.46761007586711e-06	-0.000252295696383664	-0.000161699508344257
  0.00025601976050732	  0.00029195839712227	 0.000233846053975755	 3.57760933998948e-05
 0.000320801679750378	-0.000117828730702215	 0.000636202386005989	 0.000758607694366609
-0.000273221591859627	 0.000188373874574426	 0.000516486487886258	-0.000258981025180307
-0.000306695990358867	-6.39438099109726e-05	  0.00188538763921221	 -0.00113705524781364
  6.0594888067197e-05	-3.38311448430473e-06	                    0	 0.000596324081345121




----------------------------------
iteration: 32

rate: 1.06241
eval(before): 4.16434e-06
del_dh_.norm(): 4.87434e-05
panda_left
-0.000122013984620431	-2.60348809428483e-06	-0.000218545303201579	  0.00036816517515578
-0.000166880483555854	-8.59259401136088e-05	 6.12698755847141e-05	 0.000448211063642882
-1.19224736345459e-05	-0.000113996130666469	 6.16853574480837e-05	 0.000321106093996334
 -0.00018572225510313	-2.79313932004103e-05	-0.000467991174161452	 0.000405509176012891
 0.000191908717506006	-0.000251388939847009	 0.000867497700055069	-4.37182462051974e-05
 0.000281221476034429	 -9.5791103390465e-06	 -0.00207978327555858	 0.000507415009010065
-0.000163099076171293	  3.3870883665792e-06	 0.000107395699164364	 0.000807816323561057
panda_right
 0.000122013984628362	 2.60365166214239e-06	 4.10483242705103e-05	-0.000121337934173316
 8.94377628581498e-05	 -3.8471121415681e-06	-0.000253893953177447	-0.000158282376630198
 0.000258745745053835	  0.00029459719556596	  0.00023802218599151	  4.1493719104914e-05
 0.000324809062502276	-0.000120084245060411	 0.000638932230227439	  0.00077016992171468
-0.000274698444272861	 0.000188691167541154	 0.000524721157464017	 -0.00026379145229142
-0.000308978199264168	-6.50294818284807e-05	  0.00188644645943953	 -0.00116364662759545
 5.89143136332899e-05	-3.40584109534544e-06	                    0	 0.000606449246292369




----------------------------------
iteration: 33

rate: 1.02245
eval(before): 4.12176e-06
del_dh_.norm(): 4.77823e-05
panda_left
-0.000121940383748676	-2.61172198810168e-06	-0.000218005720321058	 0.000370780643005198
-0.000168331769267055	-8.65432903109997e-05	 5.55466883103361e-05	 0.000450446752021462
  -1.151411029995e-05	-0.000111273632511445	 6.40077569361892e-05	 0.000320903932728429
-0.000188003313076894	-2.90150225599217e-05	-0.000468491615167997	 0.000408774693090247
 0.000190822152971718	 -0.00025577257914455	 0.000876361331226924	-4.52154758983628e-05
 0.000281862653481325	-1.18781726091317e-05	  -0.0021098591612794	 0.000509280419085318
-0.000166251989297889	 3.40743706433984e-06	 0.000100167096643357	 0.000809003586816431
panda_right
 0.000121940383756188	 2.61188471889518e-06	 4.04082577337844e-05	-0.000123599017141877
 8.75370452134314e-05	-3.23108556313775e-06	-0.000255393578380881	-0.000154715208823972
 0.000261374339713904	 0.000297126950642369	 0.000242112402409082	  4.7226383956011e-05
 0.000328698237361655	-0.000122296393383483	 0.000641405411455072	 0.000781345787126067
-0.000276068745874391	 0.000188923539475925	 0.000532737885678511	-0.000268506338808797
-0.000311140049177364	-6.60906056119054e-05	  0.00188663076843259	 -0.00118997765527174
 5.71881967542485e-05	-3.42721067615275e-06	                    0	 0.000616345207781307




----------------------------------
iteration: 34

rate: 0.986799
eval(before): 4.08108e-06
del_dh_.norm(): 4.68977e-05
panda_left
-0.000121840686688515	-2.61895630601806e-06	-0.000217423752270284	 0.000373270587275223
-0.000169751995501279	-8.71337375224049e-05	 4.97049633585877e-05	 0.000452511054194295
-1.11186424890068e-05	-0.000108522237258501	 6.62805585701155e-05	 0.000320626223939518
-0.000190191525928106	-3.00739159336615e-05	-0.000468875184928138	 0.000411917516298659
 0.000189687568105402	-0.000260054308197336	  0.00088487247807744	 -4.6661812525488e-05
 0.000282405233404498	-1.41723576740915e-05	 -0.00213924302936344	 0.000510942566597304
-0.000169342864396392	 3.42655324944346e-06	  9.2877145760177e-05	 0.000809860789746666
panda_right
 0.000121840686695158	 2.61911803109435e-06	  3.9766163653749e-05	-0.000125833916480218
 8.55975355178031e-05	-2.62060639858176e-06	-0.000256804372201657	-0.000151010950401225
 0.000263912426299942	 0.000299557157123337	 0.000246120452028598	 5.29665573753192e-05
  0.00033247705066678	-0.000124466888377014	 0.000643646909063725	 0.000792151584818084
-0.000277342845349365	 0.000189078354370311	 0.000540546686765201	-0.000273129560417309
-0.000313192174553124	 -6.7128258776004e-05	  0.00188602025336147	 -0.00121605539707934
  5.5421040785964e-05	-3.44734264343625e-06	                    0	 0.000626022038195934




----------------------------------
iteration: 35

rate: 0.95477
eval(before): 4.04212e-06
del_dh_.norm(): 4.60795e-05
panda_left
-0.000121719392769488	-2.62528617999772e-06	-0.000216807884703032	 0.000375646086384374
-0.000171145339969914	-8.76995856531185e-05	 4.37557257562863e-05	 0.000454418841075823
-1.07367074501802e-05	-0.000105750276628674	 6.85040090069313e-05	 0.000320285766793468
-0.000192290904769253	-3.11082646346131e-05	-0.000469160006093596	 0.000414950885232351
 0.000188514159483005	-0.000264237859833594	 0.000893056201928663	-4.80580024579362e-05
 0.000282859703795195	-1.64596273735155e-05	  -0.0021679771118618	 0.000512416136520323
-0.000172373646659625	  3.4445452706858e-06	 8.55374134330649e-05	  0.00081042167957101
panda_right
  0.00012171939277542	 2.62544674516841e-06	 3.91241856456481e-05	-0.000128044000347733
 8.36249167732469e-05	-2.01660562382564e-06	-0.000258135177526923	-0.000147181385485479
 0.000266366223815953	 0.000301896393200122	 0.000250049770303265	 5.87075467596841e-05
 0.000336152607355806	-0.000126597311953747	 0.000645679219039536	 0.000802602469878846
-0.000278530063431589	 0.000189162236476623	 0.000548156824478359	-0.000277664680718929
-0.000315144175339575	-6.81434307815667e-05	  0.00188468665247346	 -0.00124188603333761
 5.36168761155458e-05	-3.46634479498184e-06	                    0	 0.000635488991215366




----------------------------------
iteration: 36

rate: 0.925798
eval(before): 4.0047e-06
del_dh_.norm(): 4.53191e-05
panda_left
-0.000121580470988431	-2.63079741572245e-06	-0.000216165576760413	 0.000377917135499846
-0.000172515484316136	  -8.824289540549e-05	 3.77090211935182e-05	 0.000456183539961496
-1.03688064862602e-05	-0.000102965122528517	  7.0678500423604e-05	  0.00031989390057896
-0.000194305173802839	 -3.2118332514226e-05	-0.000469362213573395	 0.000417886762203871
 0.000187310092649598	-0.000268326719163929	 0.000900935447526842	-4.94048888598836e-05
 0.000283235493948676	-1.87382477578525e-05	 -0.00219609992757818	 0.000513714315911667
-0.000175346165291279	 3.46151093051957e-06	 7.81580583853689e-05	 0.000810716790329101
panda_right
 0.000121580470993136	 2.63095668180614e-06	 3.84841748124488e-05	-0.000130230505874103
  8.1624250439382e-05	-1.41988551954182e-06	-0.000259393968997816	-0.000143237242698075
 0.000268741358579392	 0.000304152410218012	 0.000253903513020294	 6.44434133131294e-05
 0.000339731349436154	-0.000128689128954102	 0.000647522600877338	 0.000812712564700259
-0.000279638794591716	 0.000189181149430218	 0.000555576890561763	-0.000282114984083852
-0.000317004718684384	-6.91370327312071e-05	  0.00188269458380713	 -0.00126747499938882
 5.17793133471436e-05	-3.48431446615591e-06	                    0	 0.000644754586810109




----------------------------------
iteration: 37

rate: 0.899415
eval(before): 3.96868e-06
del_dh_.norm(): 4.46092e-05
panda_left
-0.000121427418922045	-2.63556741254658e-06	-0.000215503376980888	 0.000380092755624757
-0.000173865669579196	-8.87655114174723e-05	  3.1574004243118e-05	 0.000457817278137484
-1.00153233610179e-05	-0.000100173286942543	 7.28045451666408e-05	 0.000319460658026968
  -0.0001962377976211	-3.31044423187746e-05	-0.000469496160348877	 0.000420735953684969
  0.00018608260898066	-0.000272324147041961	   0.0009085312303384	-5.07033899692311e-05
 0.000283541080847453	-2.10067517858785e-05	 -0.00222364665346153	  0.00051484896074275
-0.000178262144866155	 3.47753853480166e-06	 7.07479945083403e-05	  0.00081077374305167
panda_right
 0.000121427418928335	 2.63572525367267e-06	 3.78477234239964e-05	-0.000132394555971919
 7.96000434616804e-05	-8.31134368249722e-07	-0.000260587934551437	-0.000139188293165154
 0.000271042927064232	 0.000306332213672903	 0.000257684585957458	 7.01688997216734e-05
 0.000343219125051969	 -0.00013074369913383	 0.000649195299953587	 0.000822495045562544
-0.000280676598724977	  0.00018914046676277	 0.000562814873909038	-0.000286483505233885
-0.000318781630673395	-7.01099059238327e-05	   0.0018801022786219	 -0.00129282707347332
 4.99115901873691e-05	-3.50133956831003e-06	                    0	 0.000653826692555606




----------------------------------
iteration: 38

rate: 0.875236
eval(before): 3.93394e-06
del_dh_.norm(): 4.39433e-05
panda_left
-0.000121263315148505	 -2.6396659914476e-06	 -0.00021482702456729	 0.000382181092215057
-0.000175198745709076	-8.92690856799345e-05	 2.53590185605191e-05	 0.000459331012581194
-9.67654047561575e-06	-9.73805114582132e-05	 7.48827530263291e-05	 0.000318994903533585
-0.000198092005664801	-3.40669644919548e-05	-0.000469574602033152	 0.000423508219663646
 0.000184838121851644	-0.000276233201132326	 0.000915862810072524	-5.19544803760317e-05
 0.000283784085081978	-2.32639060889158e-05	 -0.00225064943701033	 0.000515830750092814
-0.000181123215257508	 3.49270783695139e-06	 6.33150360757402e-05	 0.000810617522211133
panda_right
 0.000121263315154423	 2.63982229275336e-06	 3.72161951645904e-05	-0.000134537173783516
 7.75563087461587e-05	-2.50939407484532e-07	-0.000261723549479508	-0.000135043439572555
 0.000273275551572841	 0.000308442136318004	 0.000261395670636158	 7.58793616358565e-05
 0.000346621250836816	-0.000132762287974359	 0.000650713747995689	 0.000831962226689558
-0.000281650283787179	 0.000189045034692376	 0.000569878219376815	-0.000290773054904012
-0.000320481979048925	-7.10628294107747e-05	  0.00187696224459748	 -0.00131794648217117
 4.80166130954092e-05	-3.51749952610505e-06	                    0	 0.000662712593707417




----------------------------------
iteration: 39

rate: 0.852941
eval(before): 3.90039e-06
del_dh_.norm(): 4.33162e-05
panda_left
-0.000121090865855278	-2.64315613898141e-06	-0.000214141540741908	 0.000384189503364764
-0.000176517215525576	-8.97550988644205e-05	 1.90716701572575e-05	 0.000460734646391058
-9.35265327956935e-06	-9.45918478854899e-05	 7.69138123611561e-05	 0.000318504456052161
-0.000199870814071037	-3.50063072173035e-05	-0.000469608862400687	 0.000426212367250411
 0.000183582302844351	-0.000280056754580428	 0.000922947849177365	-5.31591768941136e-05
 0.000283971356995562	-2.55086820000045e-05	 -0.00227713770017994	 0.000516669320310535
-0.000183930920542537	 3.50709088914921e-06	 5.58660259038081e-05	 0.000810270722200697
panda_right
   0.0001210908658603	  2.6433107968095e-06	 3.65907518431384e-05	-0.000136659295379843
  7.5496618582833e-05	 3.20201610981466e-07	 -0.00026280664341482	-0.000130810795608196
 0.000275443429992392	 0.000310487904022433	 0.000265039248361152	 8.15707068014907e-05
 0.000349942567143442	-0.000134746076223794	 0.000652092743381726	  0.00084112563332817
-0.000282565980313994	 0.000188899228072962	 0.000576773887885775	-0.000294986243682996
-0.000322112147806554	-7.19965266710952e-05	  0.00187332185144305	 -0.00134283695828234
 4.60969941323518e-05	-3.53286611927737e-06	                    0	 0.000671419056886894




----------------------------------
iteration: 40

rate: 0.832266
eval(before): 3.86793e-06
del_dh_.norm(): 4.27232e-05
panda_left
-0.000120912446320926	-2.64609468165203e-06	 -0.00021345130914528	 0.000386124639921025
-0.000177823273673718	-9.02248792166283e-05	  1.2718894265485e-05	 0.000462037133415509
 -9.0437823305331e-06	-9.18117304056507e-05	 7.88984739185458e-05	 0.000317996200191112
-0.000201577045325621	-3.59229079775986e-05	-0.000469608982167331	  0.00042885634325157
 0.000182320159130764	-0.000283797512934724	 0.000929802552683818	-5.43185240819314e-05
 0.000284109054158952	-2.77402296804979e-05	 -0.00230313840330632	  0.00051737337923246
-0.000186686726814406	 3.52075280699261e-06	 4.84069481126761e-05	 0.000809753772439682
panda_right
  0.00012091244632582	 2.64624760214449e-06	 3.59723771939152e-05	-0.000138761780846851
 7.34241522851028e-05	 8.81870277312504e-07	-0.000263842462002942	-0.000126497759682901
 0.000277550380308614	  0.00031247469529442	   0.0002686176200655	 8.72393388202619e-05
 0.000353187487420864	 -0.00013669616835138	 0.000653345613772095	 0.000849996070875502
-0.000283429208558829	 0.000188707000254302	 0.000583508399488979	-0.000299125502077941
-0.000323677904468826	-7.29116715225538e-05	  0.00186922386460237	 -0.00136750181647841
 4.41550836456231e-05	-3.54750424152742e-06	                    0	 0.000679952382800346




----------------------------------
iteration: 41

rate: 0.812991
eval(before): 3.83648e-06
del_dh_.norm(): 4.21604e-05
panda_left
-0.000120730137819201	-2.64853289204803e-06	-0.000212760147791212	 0.000387992515775366
-0.000179118841564687	-9.06796191319298e-05	 6.30701640794483e-06	   0.0004632465731878
 -8.7499842719445e-06	-8.90440405843168e-05	 8.08375381391602e-05	 0.000317476185387261
-0.000203213345911123	-3.68172267763702e-05	-0.000469583852906629	 0.000431447316936868
 0.000181056103038795	 -0.00028745802898407	 0.000936441800528977	-5.54335842748632e-05
 0.000284202711049841	-2.99578556563207e-05	  -0.0023286762774162	 0.000517950815547544
-0.000189392029092582	 3.53375245883596e-06	 4.09430293547982e-05	 0.000809085142875218
panda_right
 0.000120730137825201	 2.64868399025852e-06	 3.53618979524056e-05	-0.000140845423625043
 7.13417387360097e-05	 1.43371833729622e-06	-0.000264835721864715	-0.000122111081226169
 0.000279599879845556	 0.000314407194817779	 0.000272132925737424	 9.28821090857028e-05
 0.000356360042152928	-0.000138613600091158	 0.000654484362402392	 0.000858583686169251
-0.000284244939007151	 0.000188471927533475	 0.000590087878886831	-0.000303193099076876
 -0.00032518446070181	 -7.3808893319192e-05	  0.00186470691534082	 -0.00139194401393638
 4.21929991369025e-05	-3.56147258313972e-06	                    0	  0.00068831845669447




----------------------------------
iteration: 42

rate: 0.794937
eval(before): 3.80598e-06
del_dh_.norm(): 4.16244e-05
panda_left
-0.000120545760450709	-2.65051703624148e-06	 -0.00021207137321671	 0.000389798572801551
-0.000180405598004979	-9.11203903197855e-05	-1.58193269438239e-07	 0.000464370295407461
-8.47126085849237e-06	-8.62921655553569e-05	 8.27318416416035e-05	 0.000316949715067734
-0.000204782201996484	 -3.7689739803909e-05	-0.000469541335937615	 0.000433991750036198
 0.000179794014277346	-0.000291040716327572	 0.000942879263462122	-5.65054283659091e-05
 0.000284257301720219	-3.21610028460588e-05	 -0.00235377404148755	 0.000518408786219661
-0.000192048157582088	 3.54614308490424e-06	 3.34788265679975e-05	 0.000808281529326159
panda_right
 0.000120545760457478	 2.65066623561942e-06	 3.47600026134777e-05	 -0.00014291095893389
 6.92518943805873e-05	 1.97545963540503e-06	 -0.00026579066142285	-0.000117656920147252
  0.00028159510073031	 0.000316289641862914	 0.000275587159962666	 9.84962702455859e-05
  0.00035946391804151	-0.000140499345160269	 0.000655519800048696	 0.000866898020930884
-0.000285017646937105	 0.000188197248738809	 0.000596518092782943	-0.000307191158380664
-0.000326636527001224	-7.46887815607967e-05	  0.00185980592706472	 -0.00141616619917684
 4.02126509667729e-05	-3.57482424526856e-06	                    0	 0.000696522790623798




----------------------------------
iteration: 43

rate: 0.777952
eval(before): 3.77637e-06
del_dh_.norm(): 4.11123e-05
panda_left
-0.000120360902358823	-2.65208886702147e-06	-0.000211387857358166	 0.000391547737360016
-0.000181685006901553	-9.15481565992325e-05	-6.67146814374537e-06	 0.000465414936367624
-8.20756752687242e-06	-8.35590503226202e-05	 8.45822488099077e-05	  0.00031642142584096
-0.000206285953701776	-3.85409346146812e-05	-0.000469488371200904	 0.000436495465861896
 0.000178537296014479	-0.000294547861326693	 0.000949127514497233	-5.75351283601853e-05
 0.000284277296130844	-3.43492330005217e-05	  -0.0023784525938305	 0.000518753800561372
-0.000194656383092621	 3.55797285592619e-06	 2.60183060078163e-05	 0.000807358021248873
panda_right
 0.000120360902364744	 2.65223609800312e-06	 3.41672580129989e-05	-0.000144959070629876
 6.71568568289267e-05	 2.50686293096935e-06	-0.000266711086664933	-0.000113140901537418
 0.000283538941307042	 0.000318125873880857	 0.000278982186835402	 0.000104079435435914
 0.000362502493257435	-0.000142354321176156	 0.000656461663631371	 0.000874948064405467
-0.000285751361579302	 0.000187885900586596	 0.000602804484922748	-0.000311121672692548
-0.000328038362002822	-7.55518899544489e-05	   0.0018545524910567	 -0.00144017075694402
 3.82157650697842e-05	-3.58760729328408e-06	                    0	 0.000704570561648027




----------------------------------
iteration: 44

rate: 0.761911
eval(before): 3.7476e-06
del_dh_.norm(): 4.06216e-05
panda_left
-0.000120176945723824	-2.65328606780888e-06	-0.000210712077337573	  0.00039324447241607
-0.000182958341533596	-9.19637860106794e-05	-1.32280009359967e-05	 0.000466386507976296
-7.95882015247488e-06	-8.08472447986654e-05	 8.63896425019838e-05	 0.000315895359822533
 -0.00020772680777136	-3.93713057398208e-05	-0.000469431072121206	 0.000438963708567959
 0.000177288925145191	-0.000297981634019056	 0.000955198122980599	-5.85237514992051e-05
 0.000284266710904846	-3.65222112398569e-05	 -0.00240273118586109	 0.000518991791580319
-0.000197217921895378	 3.56928537530446e-06	 1.85649120431674e-05	 0.000806328254618705
panda_right
 0.000120176945729438	  2.6534312681262e-06	 3.35841238450897e-05	-0.000146990397379411
 6.50586150293583e-05	 3.02774558085907e-06	-0.000267600412724443	-0.000108568165782458
 0.000285434054161954	 0.000319919365836369	 0.000282319752995834	 0.000109629541735469
 0.000365478868598013	-0.000144179394966814	 0.000657318723209701	 0.000882742297372661
-0.000286449710425392	 0.000187540549142074	 0.000608952202382268	-0.000314986516672973
-0.000329393816914136	-7.63987400119378e-05	  0.00184897520987354	 -0.00146395984085217
 3.62039030342067e-05	-3.59986525475216e-06	                    0	 0.000712466646750899




----------------------------------
iteration: 45

rate: 0.74671
eval(before): 3.71962e-06
del_dh_.norm(): 4.01502e-05
panda_left
-0.000119995089900778	-2.65414265535563e-06	-0.000210046161719021	 0.000394892823942083
-0.000184226706210774	-9.23680611775082e-05	-1.98234011884912e-05	 0.000467290459186169
-7.72490133334474e-06	-7.81589458625512e-05	 8.81549177955089e-05	 0.000315375027634886
-0.000209106849022386	-4.01813510961265e-05	-0.000469374813648562	 0.000441401199307343
  0.00017605149738187	-0.000301344097473868	 0.000961101744510899	-5.94723550079902e-05
 0.000284229154819311	-3.86796925712627e-05	 -0.00242662758156649	 0.000519128180321846
-0.000199733940148191	 3.58012013054367e-06	 1.11216291213022e-05	 0.000805204549973976
panda_right
 0.000119995089906341	 2.65428576812996e-06	 3.30109662543231e-05	-0.000149005538062345
 6.29589359720197e-05	 3.53796782088313e-06	-0.000268461701416258	-0.000103943412481233
 0.000287282871123639	 0.000321673265709935	 0.000285601498971957	 0.000115144816865114
 0.000368395895472272	-0.000145975387286659	 0.000658098878406405	  0.00089028873398375
-0.000287115959124506	 0.000187163617933836	  0.00061496612748747	-0.000318787458111137
-0.000330706375574216	-7.72298242315917e-05	  0.00184310000003535	 -0.00148753542246015
 3.41784800186869e-05	-3.61163756754003e-06	                    0	 0.000720215647930617




----------------------------------
iteration: 46

rate: 0.732261
eval(before): 3.69238e-06
del_dh_.norm(): 3.96963e-05
panda_left
-0.000119816372006543	-2.65468933845637e-06	-0.000209391929471443	 0.000396496462259963
-0.000185491055643139	-9.27616884681173e-05	-2.64536576372056e-05	 0.000468131732394717
-7.50566566674705e-06	-7.54960353866457e-05	 8.98789751251215e-05	 0.000314863466775924
-0.000210428050666825	-4.09715691691392e-05	-0.000469324309472836	 0.000443812184489447
  0.00017482726770024	-0.000304637216920881	 0.000966848204354708	-6.03819828184466e-05
 0.000284167869857112	-4.08215097846619e-05	 -0.00245015819109157	 0.000519167929699143
-0.000202205557682405	 3.59051290039785e-06	 3.69103563419964e-06	   0.0008039980374278
panda_right
 0.000119816372012285	 2.65483031362534e-06	 3.24480689196471e-05	-0.000151005056337369
 6.08593886934381e-05	 4.03742770556061e-06	-0.000269297695785714	-9.92709414988306e-05
 0.000289087625671063	 0.000323390426452309	 0.000288828969407122	 0.000120623748727846
 0.000371256200644356	-0.000147743076974571	 0.000658809244929084	  0.00089759495883636
-0.000287753047491577	 0.000186757313005061	 0.000620850897852734	  -0.0003225261682576
-0.000331979190574496	-7.80456088902914e-05	  0.00183695036469385	 -0.00151089930520097
 3.21407805774161e-05	-3.62295998321016e-06	                    0	  0.00072782192427212




----------------------------------
iteration: 47

rate: 0.718491
eval(before): 3.66585e-06
del_dh_.norm(): 3.92582e-05
panda_left
-0.000119641685247957	-2.65495384692448e-06	-0.000208750925951671	 0.000398058719408943
-0.000186752212183735	-9.31453064692501e-05	-3.31151035844844e-05	  0.00046891481238376
-7.30094453007871e-06	-7.28601138682823e-05	 9.15627162091319e-05	 0.000314363292268981
-0.000211692283524047	-4.17424562852927e-05	-0.000469283682075907	 0.000446200482222732
 0.000173618186678006	 -0.00030786286719524	 0.000972446567713939	-6.12536615587369e-05
 0.000284085768098329	-4.29475631108808e-05	 -0.00247333820340315	 0.000519115595860171
 -0.00020463385153815	 3.60049612139307e-06	-3.72464795512311e-06	 0.000802718768974446
panda_right
 0.000119641685253549	 2.65509263868906e-06	 3.18956438446976e-05	-0.000152989484510235
  5.8761365582223e-05	 4.52605666413068e-06	-0.000270110850782415	-9.45546896748888e-05
 0.000290850372811427	 0.000325073434823187	 0.000292003622071447	 0.000126065058117058
 0.000374062208885449	 -0.00014948320472332	 0.000659456232843509	 0.000904668162444627
 -0.00028836362189727	 0.000186323645264211	  0.00062661092830409	-0.000326204230688045
-0.000333215115822266	-7.88465365302487e-05	  0.00183054763930237	 -0.00153405315719439
 3.00919726789295e-05	-3.63386493080776e-06	                    0	 0.000735289611724217




----------------------------------
iteration: 48

rate: 0.705337
eval(before): 3.64e-06
del_dh_.norm(): 3.88347e-05
panda_left
-0.000119471795221969	-2.65496122358547e-06	 -0.00020812445419056	 0.000399582622908943
-0.000188010880863534	-9.35194932474397e-05	-3.98043862980648e-05	 0.000469643772530599
-7.11054989625989e-06	-7.02525311653556e-05	 9.32070393529276e-05	 0.000313876743156119
-0.000212901324382311	-4.24945047780975e-05	-0.000469256524768717	  0.00044856952147321
  0.00017242593307948	-0.000311022839947365	 0.000977905207929244	-6.20883984307448e-05
 0.000283985464808597	-4.50578108219355e-05	 -0.00249618169889194	  0.00051897537207424
  -0.0002070198590132	 3.61009921701288e-06	-1.11235166349727e-05	 0.000801375821847417
panda_right
 0.000119471795227133	 2.65509779075549e-06	 3.13538399242794e-05	-0.000154959326865534
 5.66661013363367e-05	 5.00381554454802e-06	-0.000270903361571986	-8.97982647101289e-05
 0.000292573006923805	 0.000326724637428168	 0.000295126836357603	 0.000131467675267259
  0.00037681616269538	-0.000151196476378357	  0.00066004561696419	 0.000911515170372125
-0.000288950064486096	 0.000185864450445547	 0.000632250431718408	-0.000329823149494275
-0.000334416735885409	-7.96330281626407e-05	   0.0018239112080229	 -0.00155699852759344
  2.8033120153556e-05	 -3.6443818432417e-06	                    0	 0.000742622645232762




----------------------------------
iteration: 49

rate: 0.692748
eval(before): 3.61478e-06
del_dh_.norm(): 3.84244e-05
panda_left
 -0.00011930735443145	-2.65473408857403e-06	  -0.0002075136034884	 0.000401070925979979
-0.000189267663158536	-9.38847728348033e-05	-4.65184378961188e-05	 0.000470322314657974
-6.93427788824028e-06	-6.76744137906285e-05	 9.48128361535601e-05	 0.000313405723749871
-0.000214056863504955	-4.32282012674185e-05	-0.000469245958423006	 0.000450922381648148
 0.000171251943147304	-0.000314118849926008	 0.000983231867120489	-6.28871794519258e-05
 0.000283869308326904	-4.71522612496055e-05	 -0.00251870175096013	  0.00051875112765794
-0.000209364580438628	 3.61934889455684e-06	-1.85039433294842e-05	 0.000799977392359218
panda_right
 0.000119307354436959	 2.65486839458463e-06	  3.0822751338784e-05	-0.000156915062657649
 5.45746899004601e-05	 5.47069102146533e-06	-0.000271677189119765	-8.50049749914235e-05
 0.000294257277676301	 0.000328346164153884	  0.00029819992010382	 0.000136830716229721
 0.000379520139974193	-0.000152883565891124	 0.000660582600044236	 0.000918142471658325
-0.000289514519497758	 0.000185381406921341	  0.00063777343064147	-0.000333384356211458
-0.000335586392464314	-8.04054852018131e-05	  0.00181705870153242	 -0.00157973687529281
 2.59651938119979e-05	-3.65453745238579e-06	                    0	  0.00074982477492462




----------------------------------
iteration: 50

rate: 0.680678
eval(before): 3.59017e-06
del_dh_.norm(): 3.80264e-05
panda_left
 -0.00011914891520462	 -2.6542928791765e-06	-0.000206919274205065	 0.000402526134236267
 -0.00019052306893088	-9.42416211751668e-05	-5.32544504553831e-05	 0.000470953806187155
-6.77191190129729e-06	-6.51266893546763e-05	 9.63809890867971e-05	 0.000312951840465036
-0.000215160511386685	-4.39440253211461e-05	-0.000469254681913916	 0.000453261823996754
 0.000170097436732713	-0.000317152540583005	  0.00098843371188783	-6.36509679524366e-05
 0.000283739406821387	-4.92309655209439e-05	 -0.00254091051412162	 0.000518446440505786
 -0.00021166898165172	  3.6282694124833e-06	-2.58645456275437e-05	  0.00079853087921935
panda_right
 0.000119148915210638	 2.65442489123169e-06	 3.03024247512944e-05	-0.000158857148749215
 5.24880995912931e-05	 5.92669247258672e-06	-0.000272434083079701	 -8.0177856806791e-05
 0.000295904804151722	 0.000329939949305958	 0.000301224116111589	 0.000142153464325396
 0.000382176069998227	-0.000154545117985949	 0.000661071869974109	 0.000924556245789731
-0.000290058916963459	 0.000184876051626469	 0.000643183777425153	-0.000336889216277545
-0.000336726208206277	-8.11642911694094e-05	  0.00181000617492967	 -0.00160226957495776
 2.38890811765542e-05	-3.66435605347583e-06	                    0	  0.00075689958435598




----------------------------------
iteration: 51

