
----------------------------------------
iter: 1
eval: 2.89439e-05
rate: 0
del_dh: 0.0166382
-0.000746829486564768	-0.000288410196109299	 -0.00250128763803317	 6.95098487294951e-05
-0.000221648739990953	-3.68240230749998e-05	 -0.00828852405805913	  0.00295994472752813
  0.00027738338919283	  0.00324279642756198	 -0.00319714689492956	 -0.00247717033293583
 0.000345390654044118	  0.00044229278016871	 -0.00529978408102165	 -0.00128878929412724
  0.00103906079408915	  0.00225029380599933	   0.0096674658888984	 -0.00321297850586223
 0.000165553145229773	-0.000683896174743469	  0.00218598649497285	 -0.00434910092099633
 -0.00110103736545328	-0.000261795169667767	                    0	 7.31768906975382e-05

----------------------------------------
iter: 2
eval: 1.75489e-05
rate: 39.3692
del_dh: 0.0107742
 -0.00153278026311511	 7.57757237273691e-05	 -0.00185055041246696	 -0.00129008004200941
-2.33002906332544e-05	-0.000172324297372575	 -0.00827676573608586	  0.00292760968949043
 7.79491893766366e-05	 -0.00115047617913881	 -0.00775804289192076	 -0.00252766446320429
 0.000582901488250048	 9.29278888450456e-05	 -0.00173840044572396	 -0.00275378248424612
 0.000666211336244053	 -0.00103883206043066	  0.00783299150562807	 -0.00815053805458217
 0.000309037471299786	-0.000485728201392934	 -0.00133724018830359	 -0.00671379896952076
 -0.00206348982685795	 0.000131822298547986	                    0	 5.17173513619479e-05

----------------------------------------
iter: 3
eval: 1.9596e-05
rate: -11.6652
del_dh: 0.00564428
 -0.00140568204070414	 0.000343600235274205	 -0.00225295337965956	-0.000871656877064979
-8.86727353961502e-06	-0.000118311852712606	 -0.00831868067287173	  0.00270599401868316
 5.92559977725204e-05	-0.000219683805443821	 -0.00472396160875322	 -0.00257151697528402
  0.00049823342043607	 0.000680200536195571	 -0.00339553790764192	 -0.00167234854587671
 0.000411577573353179	-0.000438059307811432	  0.00988406032190111	 -0.00586418642844626
 0.000371517372877999	-0.000600935457817958	  -0.0037957152732657	 -0.00591197304677838
 -0.00144195693109271	 0.000425651026311998	                    0	 6.38969167182744e-05

----------------------------------------
iter: 4
eval: 1.69148e-05
rate: 13.6824
del_dh: 0.00419663
 -0.00153475158268256	 0.000703822522697018	 -0.00214729939716592	 -0.00115413084975288
-1.31076624693912e-05	-0.000143675353268167	  -0.0082984509750046	  0.00277083043566509
  4.4960530136508e-05	-0.000996318219079638	 -0.00612642142951762	 -0.00255129909923825
 0.000566312780742852	 0.000440867769191524	 -0.00243107255006849	 -0.00210407628771352
 0.000471400893760631	-0.000994522643620343	  0.00893896772719544	 -0.00700462772043971
 0.000365140783320692	-0.000555247865698498	 -0.00709219316091471	 -0.00608038756833807
 -0.00118112176680769	 0.000809728334160047	                    0	 5.87252602694402e-05

----------------------------------------
iter: 5
eval: 1.58774e-05
rate: 6.13335
del_dh: 0.00322298
 -0.00146536511824144	  0.00101068127309587	  -0.0022282058462504	-0.000990775563327887
-1.09703415347561e-05	-0.000127554174458986	 -0.00831174643599504	  0.00272392540708189
 5.08357355467711e-05	-0.000568300777126544	 -0.00529056391099361	 -0.00256380971723124
 0.000526566568020679	 0.000594045328782154	 -0.00301683018297251	 -0.00185816659204617
 0.000415604917407912	-0.000694337759810867	  0.00947572556052493	 -0.00636066826870323
 0.000372244472188102	-0.000586346191054473	 -0.00988170547980743	 -0.00600329161301341
-0.000680702112143904	  0.00113724495696581	                    0	 6.18706064537126e-05

----------------------------------------
iter: 6
eval: 1.35736e-05
rate: 14.5097
del_dh: 0.00323701
 -0.00151041398134828	  0.00134684044015968	 -0.00218111221283749	 -0.00108992193428821
-1.26311731602566e-05	-0.000137905796084837	 -0.00830465268903063	  0.00274905010753548
 4.64846466136302e-05	-0.000837153946121409	 -0.00579442792966476	  -0.0025564952071364
 0.000550809734205013	 0.000506200388624746	 -0.00268235866757435	  -0.0020117040843938
 0.000436522945959695	-0.000886840875546233	  0.00917505970301902	 -0.00676406113647393
 0.000369359507292098	-0.000568061756040751	  -0.0129336289495124	 -0.00604737259415951
-0.000296321003173796	  0.00149151822231369	                    0	 5.96563508946519e-05

----------------------------------------
iter: 7
eval: 1.20015e-05
rate: 11.5822
del_dh: 0.00294192
 -0.00148275191732292	  0.00165968946709284	 -0.00220795884442546	  -0.0010282049738443
-1.24940664566991e-05	-0.000132123367416294	 -0.00830953736515485	  0.00273531842635334
 5.01829278860841e-05	-0.000670343614622394	 -0.00552153115975832	 -0.00256039685077973
 0.000535588242655083	 0.000555546334233486	  -0.0029007576468053	 -0.00194204293828622
 0.000417263292532944	-0.000768538536634747	  0.00934593795295119	 -0.00655531728742154
 0.000370306748658475	-0.000578945697713149	  -0.0157641684027574	 -0.00601917770669748
 0.000135282922533964	  0.00181959623489751	                    0	 6.06248273371369e-05

----------------------------------------
iter: 8
eval: 1.00666e-05
rate: 16.1222
del_dh: 0.00297536
 -0.00149819530072018	  0.00198036234774062	 -0.00218932483092791	  -0.0010621422868656
-1.33768374659371e-05	-0.000136127058348628	 -0.00830723881142161	  0.00274509690838257
 4.91629421118866e-05	-0.000761660086360015	 -0.00571070213628654	 -0.00255765719481707
  0.00054382524349832	 0.000522766463778332	 -0.00279048429172062	 -0.00200391880012362
 0.000422465137727988	-0.000834253412158035	  0.00923826259833771	 -0.00670866298615407
 0.000368878022721079	-0.000572103673980056	  -0.0186580591068513	 -0.00603794186060219
 0.000536842669240566	  0.00215290068847709	                    0	 5.96603944869129e-05

----------------------------------------
iter: 9
eval: 8.42202e-06
rate: 16.3368
del_dh: 0.00285355
 -0.00148736513489769	  0.00228992038790184	  -0.0021973627956896	 -0.00103881257713922
-1.37444873411853e-05	-0.000134249908115911	 -0.00830914803512119	  0.00274171282763951
 5.12783661864294e-05	-0.000696913760171951	 -0.00563084482556724	 -0.00255871941728277
 0.000537975605457774	 0.000537349984690345	 -0.00287470381339565	 -0.00199077927710343
 0.000414327679893406	-0.000788190308009337	  0.00929330514034189	 -0.00665035207911844
 0.000368473203324091	-0.000575720758714205	  -0.0214429767854546	 -0.00602866767186917
 0.000938776552976486	  0.00247240495998816	                    0	 5.98471452378081e-05

----------------------------------------
iter: 10
eval: 6.71659e-06
rate: 20.2497
del_dh: 0.0028426
 -0.00149211439345596	   0.0025996465270396	  -0.0021895492855723	 -0.00104927869316958
 -1.4371146512638e-05	-0.000135873446750955	 -0.00830857530502666	  0.00274593944799836
 5.14709597966817e-05	-0.000724429889312722	 -0.00570763352143226	 -0.00255759522828788
  0.00054043985177739	 0.000524344719113089	 -0.00284451313362421	 -0.00202056907603639
 0.000413968428675115	-0.000808280338652652	  0.00925305656931012	 -0.00671498809212872
 0.000367549669293825	-0.000573146333202482	  -0.0242204693786249	 -0.00603584232700121
  0.00133160353460802	  0.00278953280883731	                    0	 5.93575468586366e-05

----------------------------------------
iter: 11
eval: 5.18729e-06
rate: 22.769
del_dh: 0.00277183
 -0.00148760393903783	  0.00290289914648715	 -0.00219102998857787	 -0.00103990210762703
-1.48591940429714e-05	-0.000135416045793124	 -0.00830943360488715	  0.00274587418724746
 5.28513327311276e-05	  -0.0006974434733362	 -0.00569378910494275	 -0.00255772163608677
 0.000538011422234986	  0.00052719360343871	 -0.00288081603182434	 -0.00202579824066874
 0.000409403804765167	-0.000789155005351822	  0.00926802437234582	 -0.00670826312313363
 0.000366850985497397	-0.000574197818931331	  -0.0269307353362149	 -0.00603362094629477
  0.00171571404586003	  0.00309764742482026	                    0	 5.92721957021387e-05

----------------------------------------
iter: 12
eval: 3.77929e-06
rate: 27.1432
del_dh: 0.00273886
 -0.00148854072046444	   0.0032036507023085	 -0.00218714340534539	 -0.00104211254430161
-1.54012951759029e-05	-0.000136170980353706	 -0.00830945611429208	  0.00274819997154148
 5.34904548327462e-05	-0.000702411045131151	 -0.00573153653062302	 -0.00255715030947892
 0.000538440355872305	  0.00052103050329819	 -0.00287837931671804	 -0.00204459767316818
 0.000407267126868215	-0.000793051476188954	  0.00925132350626082	 -0.00674206337548476
 0.000366076121205708	-0.000573150815083113	  -0.0296088977758482	 -0.00603668155817607
  0.00209403735452554	  0.00340080668341732	                    0	 5.89590895138587e-05

----------------------------------------
iter: 13
eval: 2.74663e-06
rate: 27.3241
del_dh: 0.00268486
 -0.00148631158054574	  0.00349965816896056	  -0.0021864059501037	 -0.00103765550630932
-1.59058133334873e-05	-0.000136209589857445	  -0.0083099477503359	  0.00274916645473624
 5.45583909140809e-05	-0.000688916487844742	 -0.00573951345550913	 -0.00255698067205344
 0.000537220689897591	 0.000520030627162502	 -0.00289794596088523	 -0.00205550317641963
 0.000403882829980868	-0.000783598778359347	  0.00925279446244173	 -0.00675235289554411
 0.000365336990070824	-0.000573324332905607	  -0.0322349124817367	 -0.00603673914171185
  0.00246321435841804	  0.00369680542200751	                    0	 5.87855765637688e-05

----------------------------------------
iter: 14
eval: 2.44241e-06
rate: 11.0764
del_dh: 0.00264375
 -0.00148593148890698	  0.00379229710804879	 -0.00218391999816251	 -0.00103706177690627
-1.64136455576019e-05	-0.000136652412396447	 -0.00831016370782765	  0.00275085088724751
 5.53484836481486e-05	 -0.00068618113969668	 -0.00576387535084337	 -0.00255659785181056
 0.000536955599917077	 0.000516189554846865	 -0.00290470786358331	 -0.00207048228320763
 0.000401254648209691	-0.000781928010797063	  0.00924409127638689	 -0.00677549799043954
 0.000364609229285389	-0.000572810866482504	  -0.0348206723907868	  -0.0060384244354574
  0.00282634202455443	  0.00398708440368396	                    0	 5.85398420376862e-05

----------------------------------------
iter: 15
eval: 3.04977e-06
rate: -24.8675
del_dh: 0.00259575
 -0.00148450653392497	  0.00408085420257859	  -0.0021824834169562	 -0.00103430477208407
-1.69079636402765e-05	-0.000136853602106826	 -0.00831052615727869	  0.00275210898884388
 5.62818064071013e-05	-0.000677412787056242	 -0.00577861160260139	 -0.00255634318564192
 0.000536153819503804	 0.000513999302243973	 -0.00291846242439026	 -0.00208290331023854
 0.000398295391326063	-0.000775870281119293	  0.00924122637010893	 -0.00679098642618912
 0.000363885605373846	-0.000572698724016844	  -0.0373598016704417	 -0.00603916660166278
  0.00318119743076244	  0.00427097931610878	                    0	 5.83429444243767e-05

----------------------------------------
iter: 16
eval: 4.13725e-06
rate: -35.6577
del_dh: 0.0025522
 -0.00148369498822222	  0.00436581252025979	 -0.00218051064626635	 -0.00103280814374331
-1.73948625954381e-05	-0.000137182653734329	 -0.00831079780937936	   0.0027535647678741
 5.71096483787761e-05	-0.000672193138433591	 -0.00579826721536763	 -0.00255602838849857
 0.000535663887556062	    0.000510959764332	 -0.00292803465727999	 -0.00209641185541008
 0.000395586694588503	-0.000772384821342013	  0.00923522489293043	 -0.00681030261067898
 0.000363182332309022	 -0.00057237163891243	  -0.0398563525190969	 -0.00604038192851071
  0.00352951740433232	  0.00454903102178351	                    0	 5.81260416073951e-05

----------------------------------------
iter: 17
eval: 5.39314e-06
rate: -30.3557
del_dh: 0.00250665
 -0.00148255450465809	  0.00464697441846465	 -0.00217889271866914	 -0.00103064176867121
-1.78730173674832e-05	-0.000137430013992674	 -0.00831111116164777	  0.00275488058574554
    5.79775411582e-05	-0.000665098498721408	   -0.005814766619994	  -0.0025557562207692
  0.00053500709391963	 0.000508452664339459	 -0.00293968713905874	 -0.00210901901887054
 0.000392819063270879	-0.000767524542811485	   0.0092310819647186	 -0.00682706292712685
 0.000362483500500758	-0.000572175594368716	  -0.0423085218000192	 -0.00604129753699162
  0.00387027805317329	  0.00482109416233257	                    0	 5.79277699110685e-05

----------------------------------------
iter: 18
eval: 6.69725e-06
rate: -24.181
del_dh: 0.00246277
 -0.00148161670000357	  0.00492452559710754	  -0.0021771319058757	 -0.00102888545086342
-1.83422681375069e-05	-0.000137713796052472	 -0.00831139292631273	  0.00275623762390272
 5.88013218232504e-05	-0.000659176241579572	   -0.005832560836035	 -0.00255547068707162
 0.000534451842450783	  0.00050572023481352	  -0.0029499384493501	  -0.0021218030240605
 0.000390154325592265	-0.000763512114859911	  0.00922603876248363	 -0.00684479106843916
 0.000361801529562919	-0.000571917481522746	  -0.0447178149724838	 -0.00604233312120222
  0.00420430239037981	  0.00508740925200399	                    0	 5.77264006102547e-05

----------------------------------------
iter: 19
eval: 8.00636e-06
rate: -19.5469
del_dh: 0.00241852
 -0.00148058415045408	  0.00519843649690468	 -0.00217550310049558	 -0.00102693949131604
-1.88034361698041e-05	-0.000137968145176605	 -0.00831168346192446	  0.00275753965437069
 5.96294320640502e-05	-0.000652727500812883	 -0.00584921564839982	 -0.00255520173159823
 0.000533849116835068	 0.000503174888269386	 -0.00296071159242342	 -0.00213418535340084
 0.000387507733885705	-0.000759106314102419	  0.00922160820800534	 -0.00686155758581122
 0.000361127364348276	-0.000571703880942561	  -0.0470839257804081	 -0.00604326405038792
  0.00453122250439778	  0.00534799952480521	                    0	 5.75338462739515e-05

----------------------------------------
iter: 40
eval: 2.89405e-05
rate: -2.48673
del_dh: 0.00160001
 -0.00146241548445428	   0.0101951109720621	 -0.00214766934545924	-0.000992973824313078
-2.67143361129377e-05	-0.000142280340782827	  -0.0083165208230808	   0.0027803706266464
 7.40316982486896e-05	-0.000539980865607958	 -0.00614316440034789	 -0.00255066314828171
 0.000523047992732756	 0.000458015720897688	 -0.00314691968848692	 -0.00235180434881185
 0.000342132200456882	-0.000681638600097798	  0.00914225864127252	 -0.00715679514773233
 0.000349434414516526	-0.000568206809839877	  -0.0875961590224564	 -0.00605834050490789
  0.00997375839115681	  0.00967255973320495	                    0	 5.43630384231711e-05

----------------------------------------
iter: 70
eval: 3.99231e-05
rate: -0.294139
del_dh: 0.000815782
 -0.00144465834355593	   0.0153410563113907	 -0.00212563573986111	-0.000959710565512827
-3.34797623695018e-05	-0.000145490594790045	 -0.00832046844210157	  0.00280000553099384
   8.691569380597e-05	-0.000431841891552093	 -0.00639146953202584	 -0.00254691141532339
  0.00051254408523298	 0.000419516643364364	 -0.00331636192787447	 -0.00254180081365279
 0.000303799643479396	-0.000606373769827066	  0.00907837529998048	 -0.00740781116910102
 0.000339130831763484	-0.000565947038651379	   -0.121519543115151	 -0.00606900182552396
   0.0142840986458292	   0.0131138927516154	                    0	 5.19304062869642e-05

----------------------------------------
iter: 100
eval: 3.882e-05
rate: 0.361969
del_dh: 0.000392734
 -0.00143409213411887	   0.0188667548633151	 -0.00211564302792688	-0.000939559834113428
 -3.6948290109019e-05	-0.000146770523166065	 -0.00832231740638776	  0.00280982761724776
  9.3880234240667e-05	-0.000368628160018699	 -0.00651015228177045	  -0.0025449565562379
 0.000506606192610592	  0.00040078218845498	 -0.00340883108947414	 -0.00263873997912212
  0.00028525416835859	-0.000561971140842529	   0.0090512742590643	 -0.00752927033650607
 0.000333611165824489	-0.000565164967232329	   -0.138157484492644	 -0.00607367222559648
   0.0163007478145084	   0.0147487714115477	                    0	 5.08201110394226e-05

----------------------------------------
iter: 130
eval: 3.30655e-05
rate: 0.661018
del_dh: 0.000183853
 -0.00142796233222265	   0.0213165129570349	 -0.00211151722543851	 -0.00092757838386713
-3.86594346502392e-05	-0.000147160346802948	 -0.00832310313722082	   0.0028144311086886
 9.75421920247281e-05	-0.000332545370420705	  -0.0065610544462918	 -0.00254393077405838
 0.000503449006984113	 0.000392454020768941	 -0.00345734501838493	 -0.00268516200981617
 0.000277188941730395	 -0.00053644448883377	   0.0090424649543327	 -0.00758240318948445
 0.000330711276626857	-0.000564952880056502	   -0.145848645894192	 -0.00607585941422858
   0.0172026472848235	   0.0154936145679677	                    0	 5.03341576941224e-05

----------------------------------------
iter: 160
eval: 2.63746e-05
rate: 0.8199
del_dh: 8.65168e-05
 -0.00142436871945342	   0.0230401120217772	 -0.00211005463000338	-0.000920365268880257
-3.94865266029414e-05	-0.000147181382060647	 -0.00832339116898361	  0.00281647586870967
 9.94697342571859e-05	-0.000311731811414614	 -0.00657987968286311	 -0.00254338189957462
 0.000501799509663089	 0.000389112736902895	 -0.00348257132324763	 -0.00270635647974156
 0.000274160739830338	-0.000521617582551448	  0.00904156888280803	  -0.0076028558916522
 0.000329176948395609	-0.000564947364814536	   -0.149208190451312	 -0.00607696821168275
   0.0175844953476445	   0.0158168378380556	                    0	  5.0134330270221e-05

----------------------------------------
iter: 190
eval: 2.02871e-05
rate: 0.910836
del_dh: 4.37174e-05
 -0.00142219916053333	   0.0242645625205124	 -0.00210972565575843	-0.000915896814780961
 -3.9882173214066e-05	-0.000147072061116734	   -0.008323462028912	   0.0028173243023972
 0.000100505168157156	-0.000299365946018232	 -0.00658465217699084	 -0.00254307884606149
 0.000500930190852865	 0.000388011363291184	 -0.00349584575163105	 -0.00271554303567122
 0.000273367398037318	-0.000512747091628723	   0.0090435836421223	 -0.00760877888886772
 0.000328344895764236	-0.000565007368134429	   -0.150559425747116	 -0.00607757287768659
   0.0177310590328824	     0.01594643258776	                    0	 5.00619249174004e-05

----------------------------------------
iter: 220
eval: 1.5277e-05
rate: 0.964733
del_dh: 2.58413e-05
 -0.00142084114786521	   0.0251404608816627	 -0.00210983428332912	-0.000913034647740124
-4.00703754924654e-05	-0.000146933841617705	 -0.00832344690511192	  0.00281763451040203
 0.000101080038757655	 -0.00029174036074254	 -0.00658384038340279	 -0.00254290478123155
 0.000500460315361752	 0.000387847618041094	 -0.00350301699308293	 -0.00271921031602477
 0.000273472641133289	-0.000507240756054901	  0.00904631639330929	 -0.00760877614077899
 0.000327877197717677	-0.000565079401586964	   -0.151016853305325	 -0.00607792411198323
   0.0177752200057805	   0.0159902003944562	                    0	 5.00438447596679e-05

----------------------------------------
iter: 250
eval: 1.13601e-05
rate: 0.996521
del_dh: 1.78382e-05
  -0.0014199606126473	    0.025770029510829	 -0.00211007752184963	-0.000911142970325552
-4.01595572682551e-05	 -0.00014680573198146	 -0.00832340411048926	  0.00281771391652081
 0.000101412404877687	-0.000286859411872567	 -0.00658121181670984	  -0.0025428004122036
 0.000500197032813822	  0.00038803163635919	 -0.00350703369799502	 -0.00272043431949258
 0.000273875546619977	-0.000503695756219797	  0.00904890193896218	 -0.00760671878255739
 0.000327603040128034	-0.000565144651414022	    -0.15109869601814	 -0.00607813938396577
   0.0177776745002244	   0.0159979661651757	                    0	 5.00470903176765e-05

----------------------------------------
iter: 280
eval: 8.38685e-06
rate: 1.01357
del_dh: 1.32304e-05
 -0.00141937208928398	   0.0262240098980565	 -0.00211033188118757	-0.000909859612311048
-4.02016553291643e-05	-0.000146699622071766	 -0.00832335788602529	  0.00281770223594649
 0.000101613055360765	 -0.00028363101121578	    -0.00657833419753	 -0.00254273515007844
  0.00050004318326935	 0.000388309124863085	 -0.00350937967511355	 -0.00272063677805158
 0.000274323749230516	-0.000501339818913837	  0.00905106352215994	 -0.00760424696592035
 0.000327435241349148	-0.000565198003202792	   -0.151038851553245	 -0.00607827731700614
    0.017765379300898	   0.0159921652672432	                    0	 5.00572235467189e-05

----------------------------------------
iter: 310
eval: 6.17143e-06
rate: 1.01884
del_dh: 9.95406e-06
 -0.00141896917433153	   0.0265520825678257	 -0.00211055336522122	-0.000908971204746576
-4.02214260008353e-05	-0.000146616398186413	 -0.00832331711799544	  0.00281766081527504
 0.000101739323683725	-0.000281438311931673	  -0.0065757848107938	 -0.00254269278650444
 0.000499949297347891	   0.0003885788868869	 -0.00351081037818311	 -0.00272045701466748
 0.000274723218926792	-0.000499733820578184	  0.00905276733666758	 -0.00760198754728462
  0.00032732832496054	-0.000565239522483888	   -0.150938633701551	 -0.00607836887024512
   0.0177497595540511	   0.0159825074459846	                    0	 5.00682763201051e-05

----------------------------------------
iter: 340
eval: 4.5424e-06
rate: 1.0119
del_dh: 7.45281e-06
 -0.00141868833464514	   0.0267895075771653	 -0.00211073160505753	-0.000908347036284838
-4.02306390111724e-05	-0.000146553054213598	 -0.00832328409408986	  0.00281761509274977
 0.000101821735693217	-0.000279918808173288	 -0.00657371550635705	 -0.00254266442562858
 0.000499889631108291	 0.000388807156351315	 -0.00351171899407973	 -0.00272017100747287
 0.000275048435751101	-0.000498617894244887	  0.00905406790080536	 -0.00760012639895778
  0.00032725781500832	-0.000565270969846185	   -0.150838864888422	 -0.00607843129032848
   0.0177352369462733	   0.0159729034940732	                    0	 5.00780576508106e-05

----------------------------------------
iter: 370
eval: 3.35838e-06
rate: 0.988884
del_dh: 5.53503e-06
 -0.00141849004721407	   0.0269614944147966	 -0.00211086927158146	-0.000907903899937337
-4.02348793572058e-05	-0.000146505686108885	 -0.00832325849155857	  0.00281757446074152
 0.000101877147571314	-0.000278850348630488	 -0.00657210954270408	 -0.00254264497990308
   0.0004998503652352	  0.00038898826876229	 -0.00351231656624496	 -0.00271988938170227
 0.000275301256770523	 -0.00049783171745506	  0.00905504216169644	 -0.00759867037233605
 0.000327210019429488	-0.000565294412718297	   -0.150753585604507	 -0.00607847468928009
   0.0177231804158053	   0.0159646974633599	                    0	 5.00859940979525e-05

----------------------------------------
iter: 400
eval: 2.50905e-06
rate: 0.942204
del_dh: 4.08211e-06
 -0.00141834878354502	   0.0270861569728197	 -0.00211097313130557	-0.000907587007214115
-4.02367916547073e-05	-0.000146470646195989	  -0.0083232391322286	  0.00281754142761287
 0.000101915265615688	-0.000278091306798605	 -0.00657089447200737	 -0.00254263140964626
 0.000499823791739832	 0.000389127057560453	 -0.00351272076181338	 -0.00271964972761581
 0.000275492731384939	-0.000497272473738836	  0.00905576365342042	 -0.00759756356413669
 0.000327176941933094	-0.000565311719426972	   -0.150685564988103	  -0.0060785052842807
   0.0177137083137635	   0.0159581531727508	                    0	 5.00921527983552e-05

----------------------------------------
iter: 430
eval: 1.91079e-06
rate: 0.861708
del_dh: 2.99503e-06
 -0.00141824752500385	   0.0271765544134757	  -0.0021110503843807	-0.000907359277403797
-4.02376244099212e-05	-0.000146444901553163	 -0.00832322471183976	  0.00281751576662002
 0.000101941929667524	-0.000277548264131844	 -0.00656998906675666	 -0.00254262181991679
 0.000499805422910285	 0.000389231278841585	 -0.00351300004396204	 -0.00271945900375839
  0.00027563549466133	-0.000496872013591777	  0.00905629412503157	 -0.00759673646072169
  0.00032715370393775	-0.000565324418480366	   -0.150633280339056	 -0.00607852706029179
   0.0177064901497295	   0.0159531231798791	                    0	 5.00968123907383e-05

----------------------------------------
iter: 460
eval: 1.50057e-06
rate: 0.740086
del_dh: 2.18952e-06
 -0.00141817464102672	   0.0272421227656811	 -0.00211110734311471	-0.000907195082158234
 -4.0237964279888e-05	-0.000146426068191613	 -0.00832321407004623	  0.00281749633983444
 0.000101960803964587	-0.000277157895050037	 -0.00656932075764208	 -0.00254261498377934
  0.00049979252886915	 0.000389308580664099	  -0.0035131960261592	   -0.002719312586317
 0.000275740912557925	-0.000496583966883687	  0.00905668236695371	 -0.00759612484835306
  0.00032713720545022	-0.000565333700506552	   -0.150593944897219	 -0.00607854266049104
   0.0177010878932269	   0.0159493390560641	                    0	 5.01002845250091e-05

----------------------------------------
iter: 490
eval: 1.22977e-06
rate: 0.583187
del_dh: 1.59672e-06
 -0.00141812203491827	   0.0272896902386943	 -0.00211114910505333	-0.000907076435028878
-4.02380848871778e-05	-0.000146412329151765	 -0.00832320626297695	  0.00281748185832919
   0.0001019742742374	-0.000276876376362032	 -0.00656883040047193	 -0.00254261008151207
 0.000499783379509868	 0.000389365473825414	 -0.00351333506063935	 -0.00271920251348336
 0.000275818278785176	-0.000496376155379921	  0.00905696567675165	  -0.0075956755754013
 0.000327125406664703	-0.000565340468033175	   -0.150564735442086	 -0.00607855388528281
    0.017697089295619	   0.0159465290927687	                    0	 5.01028474827934e-05

----------------------------------------
iter: 520
eval: 1.0593e-06
rate: 0.415687
del_dh: 1.1625e-06
 -0.00141808399487854	   0.0273242027845282	 -0.00211117961525837	-0.000906990575491629
-4.02381123374942e-05	-0.000146402324564437	 -0.00832320055718389	  0.00281747116624996
 0.000101983941505528	-0.000276672922815298	 -0.00656847198960878	 -0.00254260655193569
 0.000499776838851938	 0.000389407140422719	 -0.00351343443781135	 -0.00271912081334745
  0.00027587483543465	-0.000496225929890943	  0.00905717202014652	 -0.00759534695055603
 0.000327116927318101	 -0.00056534539426667	   -0.150543221686035	  -0.0060785619853717
   0.0176941502416157	   0.0159444594621201	                    0	 5.01047280404749e-05

----------------------------------------
iter: 550
eval: 9.57243e-07
rate: 0.26898
del_dh: 8.45435e-07
 -0.00141805645409346	   0.0273492452758804	 -0.00211120185363395	 -0.00090692838272806
 -4.0238103620543e-05	-0.000146395047929372	 -0.00832319639731089	  0.00281746331978678
 0.000101990905517926	-0.000276525678813225	  -0.0065682106698311	 -0.00254260400387064
 0.000499772139477222	 0.000389437558826354	 -0.00351350583146529	 -0.00271906065538162
 0.000275916075032866	-0.000496117189053564	  0.00905732211960271	    -0.00759510723288
 0.000327110813434748	-0.000565348976411787	   -0.150527458220908	 -0.00607856784188057
   0.0176919995948082	   0.0159429430081629	                    0	 5.01061026001722e-05

----------------------------------------
iter: 580
eval: 8.98795e-07
rate: 0.16106
del_dh: 6.14403e-07
  -0.0014180364986037	   0.0273674171695141	 -0.00211121803840246	-0.000906883304319954
-4.02380836414069e-05	 -0.00014638975948075	 -0.00832319336933415	  0.00281745758398155
  0.00010199593475244	-0.000276419015211021	 -0.00656802044687684	 -0.00254260216110076
 0.000499768751614367	 0.000389459719872844	  -0.0035135572967641	 -0.00271901658451499
 0.000275946096340294	 -0.00049603840798044	  0.00905743121711309	   -0.007594932680186
 0.000327106395449991	-0.000565351579406942	   -0.150515946655027	 -0.00607857208163639
   0.0176904303890934	   0.0159418355854815	                    0	 5.01071048158871e-05

----------------------------------------
iter: 610
eval: 8.66409e-07
rate: 0.0914223
del_dh: 4.46292e-07
 -0.00141802203155475	   0.0273806039079267	 -0.00211122980586693	-0.000906850616927877
-4.02380626326051e-05	-0.000146385917919054	 -0.00832319116755522	  0.00281745340162782
  0.00010199957277709	-0.000276341700329839	 -0.00656788212318193	 -0.00254260082683188
 0.000499766303742855	 0.000389475843452039	 -0.00351359448080923	 -0.00271898440454638
 0.000275967927574612	-0.000495981299310144	   0.0090575104708531	 -0.00759480572543573
 0.000327103198300765	 -0.00056535347004678	   -0.150507558325337	 -0.00607857515353702
   0.0176892875669564	   0.0159410286179625	                    0	 5.01078343687266e-05

----------------------------------------
iter: 640
eval: 8.4885e-07
rate: 0.0502076
del_dh: 3.24076e-07
 -0.00141801153975063	   0.0273901732960819	 -0.00211123835613903	-0.000906826907963699
-4.02380442821029e-05	-0.000146383128302451	 -0.00832318956762815	  0.00281745035699309
 0.000102002207329489	-0.000276285635977319	 -0.00656778160808253	 -0.00254259985999366
 0.000499764532413795	 0.000389487564104907	 -0.00351362138707139	 -0.00271896095709116
  0.00027598379192251	-0.000495939885262505	   0.0090575680245785	 -0.00759471345941885
 0.000327100882402791	-0.000565354842876081	   -0.150501454481613	 -0.00607857738050433
   0.0176884562854642	   0.0159404414188428	                    0	 5.01083648791825e-05

----------------------------------------
iter: 670
eval: 8.39452e-07
rate: 0.0270526
del_dh: 2.3528e-07
 -0.00141800392911439	   0.0273971177364308	 -0.00211124456617614	-0.000906809708126034
-4.02380294845733e-05	  -0.0001463811030101	 -0.00832318840555592	  0.00281744814295353
 0.000102004116581063	-0.000276244970390079	 -0.00656770860009756	 -0.00254259915904293
 0.000499763249380265	  0.00038949607927034	 -0.00351364087577169	 -0.00271894389610732
 0.000275995314952381	-0.000495909845095908	  0.00905760981031507	 -0.00759464643719027
 0.000327099203785976	-0.000565355839522267	   -0.150497017058772	  -0.0060785789955226
   0.0176878520980766	   0.0159400145307615	                    0	 5.01087503853991e-05

----------------------------------------
iter: 700
eval: 8.34459e-07
rate: 0.0144232
del_dh: 1.70791e-07
 -0.00141799840760175	   0.0274021573180164	 -0.00211124907526131	-0.000906797228876764
-4.02380180398091e-05	-0.000146379632833256	 -0.00832318756175498	  0.00281744653404553
 0.000102005500872186	-0.000276215468890555	 -0.00656765558726803	 -0.00254259865068646
 0.000499762319431292	 0.000389502263289751	 -0.00351365500108052	 -0.00271893149332943
  0.00027600368215974	-0.000495888051503126	  0.00905764014347045	 -0.00759459776796331
 0.000327097986575413	-0.000565356562975567	   -0.150493793050869	 -0.00607858016703048
   0.0176874131948768	   0.0159397043746643	                    0	 5.01090303945801e-05

----------------------------------------
iter: 730
eval: 8.31817e-07
rate: 0.00764589
del_dh: 1.23967e-07
 -0.00141799440134407	   0.0274058145662564	 -0.00211125234869876	 -0.00090678817390566
-4.02380093974315e-05	-0.000146378565718053	 -0.00832318694917373	  0.00281744536541364
 0.000102006504860601	 -0.00027619406406389	 -0.00656761710085868	 -0.00254259828192457
   0.0004997616451106	 0.000389506753238518	  -0.0035136652434662	 -0.00271892248225987
 0.000276009756635812	-0.000495872238924944	  0.00905766216079015	  -0.0075945624336026
 0.000327097103699429	-0.000565357088078144	    -0.15049145157547	 -0.00607858101695636
   0.0176870944689266	   0.0159394791195625	                    0	 5.01092337165421e-05

----------------------------------------
iter: 760
eval: 8.30422e-07
rate: 0.00404078
del_dh: 8.99744e-08
  -0.0014179914943224	   0.0274084686596297	 -0.00211125472481737	 -0.00090678160325635
-4.02380029648554e-05	-0.000146377791208784	 -0.00832318650450909	  0.00281744451683112
 0.000102007233176573	-0.000276178532597374	 -0.00656758916393376	 -0.00254259801438532
 0.000499761156012584	 0.000389510012669246	 -0.00351367267242565	 -0.00271891593793209
 0.000276014166049965	-0.000495860765118658	  0.00905767814103165	 -0.00759453678408756
  0.00032709646320954	-0.000565357469191679	   -0.150489751491347	 -0.00607858163363709
   0.0176868630660691	   0.0159393155674766	                    0	 5.01093813251666e-05

----------------------------------------
iter: 790
eval: 8.29687e-07
rate: 0.00213203
del_dh: 6.53005e-08
  -0.0014179893848356	   0.0274103947610001	 -0.00211125644945671	-0.000906776835164692
-4.02379982200647e-05	-0.000146377229094308	  -0.0083231861817593	  0.00281744390076948
 0.000102007761586087	-0.000276167262301238	 -0.00656756888647808	 -0.00254259782026482
 0.000499760801193941	 0.000389512378566008	 -0.00351367806177786	 -0.00271891118630036
 0.000276017366538298	-0.000495852439182618	  0.00905768973905091	 -0.00759451816660044
 0.000327095998504912	-0.000565357745789798	    -0.15048851731486	 -0.00607858208111292
     0.01768669508662	   0.0159391968366637	                    0	 5.01094884730599e-05

----------------------------------------
iter: 820
eval: 8.29299e-07
rate: 0.00112395
del_dh: 4.73918e-08
 -0.00141798785403781	   0.0274117925540053	 -0.00211125770117252	-0.000906773375048547
 -4.0237994740066e-05	-0.000146376821140138	 -0.00832318594751064	  0.00281744345357474
  0.00010200814499369	-0.000276159083821428	 -0.00656755416931291	 -0.00254259767940619
 0.000499760543757841	 0.000389514095758039	 -0.00351368197197523	 -0.00271890773687059
 0.000276019689421965	-0.000495846397302887	  0.00905769815633463	 -0.00759450465407636
   0.0003270956613134	-0.000565357946529335	   -0.150487621464295	 -0.00607858240582668
   0.0176865731591187	   0.0159391106535605	                    0	 5.01095662442453e-05

----------------------------------------
iter: 850
eval: 8.29095e-07
rate: 0.000592247
del_dh: 3.4394e-08
 -0.00141798674315792	   0.0274128069490085	 -0.00211125860961964	 -0.00090677086406771
-4.02379921971923e-05	-0.000146376525072451	 -0.00832318577750247	  0.00281744312898475
  0.00010200842320576	-0.000276153148838498	 -0.00656754348811547	 -0.00254259757719171
 0.000499760356961481	 0.000389515342060059	 -0.00351368480921723	 -0.00271890523303921
 0.000276021375286901	-0.000495842012802451	  0.00905770426509109	 -0.00759449484709905
 0.000327095416633898	-0.000565358092213455	   -0.150486971241846	 -0.00607858264146088
   0.0176864846639406	    0.015939048100465	                    0	 5.01096226898964e-05

----------------------------------------
iter: 880
eval: 8.28987e-07
rate: 0.000311998
del_dh: 2.49607e-08
 -0.00141798593699715	   0.0274135431080963	 -0.00211125926891913	-0.000906769041850298
-4.02379903434219e-05	-0.000146376310207653	 -0.00832318565411921	  0.00281744289340072
 0.000102008625092905	-0.000276148841862951	    -0.00656753573628	 -0.00254259750301718
 0.000499760221414819	  0.00038951624656962	 -0.00351368686802859	 -0.00271890341572415
 0.000276022598797935	-0.000495838830995345	  0.00905770869839693	 -0.00759448772969113
 0.000327095239078317	-0.000565358197940109	   -0.150486499322907	 -0.00607858281245862
   0.0176864204366663	   0.0159390027006091	                    0	 5.01096636560946e-05

----------------------------------------
iter: 910
eval: 8.2893e-07
rate: 0.000164341
del_dh: 1.81146e-08
  -0.0014179853519648	   0.0274140773481903	   -0.002111259747395	-0.000906767719459312
-4.02379889941761e-05	-0.000146376154275231	 -0.00832318556457588	  0.00281744272242216
 0.000102008771597852	 -0.00027614571629065	 -0.00656753011049885	 -0.00254259744918973
 0.000499760123053447	  0.00038951690300971	 -0.00351368836203562	 -0.00271890209675301
 0.000276023486742511	-0.000495836521955703	  0.00905771191575578	 -0.00759448256432082
 0.000327095110229413	-0.000565358274668356	   -0.150486156824083	 -0.00607858293655118
   0.0176863738236197	   0.0159389697512995	                    0	 5.01096933871892e-05

----------------------------------------
iter: 940
eval: 8.28901e-07
rate: 8.65586e-05
del_dh: 1.31461e-08
 -0.00141798492740316	   0.0274144650532127	 -0.00211126009463825	-0.000906766759789666
-4.02379880130754e-05	  -0.0001463760411118	 -0.00832318549959188	  0.00281744259833439
 0.000102008877915008	-0.000276143448046852	  -0.0065675260277106	 -0.00254259741012726
 0.000499760051674152	  0.00038951737940956	 -0.00351368944620937	 -0.00271890113949988
 0.000276024131148793	-0.000495834846272108	  0.00905771425066155	 -0.00759447881565914
 0.000327095016724715	-0.000565358330351719	   -0.150485908258099	 -0.00607858302660478
   0.0176863399947337	   0.0159389458385753	                    0	 5.01097149641219e-05

----------------------------------------
iter: 970
eval: 8.28885e-07
rate: 4.55889e-05
del_dh: 9.54036e-09
 -0.00141798461929524	   0.0274147464158803	  -0.0021112603466405	-0.000906766063348387
 -4.0237987300195e-05	-0.000146375958987051	 -0.00832318545243168	   0.0028174425082792
 0.000102008955069108	-0.000276141801964796	 -0.00656752306473609	 -0.00254259738177974
 0.000499759999874687	 0.000389517725145367	 -0.00351369023298514	 -0.00271890044477994
 0.000276024598809401	-0.000495833630215034	  0.00905771594514566	 -0.00759447609516442
 0.000327094948868511	-0.000565358370762151	   -0.150485727865643	  -0.0060785830919569
   0.0176863154440978	   0.0159389284843265	                    0	 5.01097306231116e-05

----------------------------------------
iter: 1000
eval: 8.28877e-07
rate: 2.40104e-05
del_dh: 6.9236e-09
 -0.00141798439569823	    0.027414950604523	 -0.00211126052952309	-0.000906765557933535
-4.02379867824177e-05	-0.000146375899387837	 -0.00832318541820633	  0.00281744244292404
 0.000102009011060128	-0.000276140607387526	 -0.00656752091444903	 -0.00254259736120763
 0.000499759962283904	 0.000389517976052901	 -0.00351369080394823	 -0.00271889994059994
 0.000276024938199632	-0.000495832747710471	  0.00905771717486009	 -0.00759447412084763
 0.000327094899624889	-0.000565358400088534	   -0.150485596950122	  -0.0060785831393842
   0.0176862976271028	   0.0159389158898924	                    0	 5.01097419871874e-05

----------------------------------------
iter: 1030
eval: 8.28872e-07
rate: 1.26455e-05
del_dh: 5.02456e-09
 -0.00141798423343151	   0.0274150987869607	 -0.00211126066224422	 -0.00090676519114821
-4.02379864064403e-05	-0.000146375856135799	 -0.00832318539336854	   0.0028174423954942
 0.000102009051693114	 -0.00027613974047058	 -0.00656751935394708	 -0.00254259734627822
  0.00049975993500427	 0.000389518158141391	 -0.00351369121829823	 -0.00271889957470261
 0.000276025184500936	-0.000495832107268288	  0.00905771806728329	  -0.0075944726880498
 0.000327094863888423	-0.000565358421371113	   -0.150485501941871	 -0.00607858317380256
    0.017686284696943	   0.0159389067498356	                    0	 5.01097502343194e-05

----------------------------------------
iter: 1060
eval: 8.2887e-07
rate: 6.65992e-06
del_dh: 3.6464e-09
 -0.00141798411567252	   0.0274152063249519	 -0.00211126075856151	-0.000906764924967662
-4.02379861335029e-05	-0.000146375824747214	 -0.00832318537534312	  0.00281744236107385
 0.000102009081180969	-0.000276139111338516	    -0.00656751822147	 -0.00254259733544369
 0.000499759915207205	 0.000389518290285151	 -0.00351369151899474	 -0.00271889930916447
 0.000276025363245913	-0.000495831642491426	  0.00905771871492581	 -0.00759447164824767
 0.000327094837953967	-0.000565358436816039	   -0.150485432992586	 -0.00607858319878122
   0.0176862753132891	   0.0159389001167228	                    0	 5.01097562193898e-05

----------------------------------------
iter: 1090
eval: 8.28869e-07
rate: 3.50751e-06
del_dh: 2.64624e-09
 -0.00141798403021319	   0.0274152843667237	 -0.00211126082846135	-0.000906764731796503
-4.02379859353622e-05	-0.000146375801967916	 -0.00832318536226209	  0.00281744233609359
 0.000102009102580499	-0.000276138654768336	 -0.00656751739960747	 -0.00254259732758127
 0.000499759900840061	  0.00038951838618531	 -0.00351369173721456	 -0.00271889911645694
 0.000276025492963754	-0.000495831305195912	  0.00905771918493289	 -0.00759447089364292
 0.000327094819133236	-0.000565358448024984	   -0.150485382954907	 -0.00607858321690706
   0.0176862685034164	   0.0159388953029589	                    0	 5.01097605628948e-05

----------------------------------------
iter: 1120
eval: 8.28868e-07
rate: 1.84727e-06
del_dh: 1.92042e-09
 -0.00141798396819472	   0.0274153410026927	 -0.00211126087918792	-0.000906764591610521
-4.02379857915509e-05	-0.000146375785436815	 -0.00832318535276884	  0.00281744231796559
  0.00010200911811037	-0.000276138323432544	 -0.00656751680317484	 -0.00254259732187506
 0.000499759890413974	 0.000389518455780588	 -0.00351369189557556	 -0.00271889897660633
 0.000276025587102309	-0.000495831060418525	  0.00905771952602074	 -0.00759447034601856
 0.000327094805474832	-0.000565358456159137	   -0.150485346641769	 -0.00607858323006229
   0.0176862635613886	   0.0159388918095338	                    0	 5.01097637150016e-05

----------------------------------------
iter: 1150
eval: 8.28868e-07
rate: 9.72884e-07
del_dh: 1.39367e-09
 -0.00141798392318633	   0.0274153821041818	 -0.00211126091600146	 -0.00090676448987453
-4.02379856872029e-05	-0.000146375773439812	 -0.00832318534587952	  0.00281744230480965
 0.000102009129380756	-0.000276138082973164	 -0.00656751637033197	 -0.00254259731773422
 0.000499759882847251	 0.000389518506287317	 -0.00351369201050467	 -0.00271889887511499
 0.000276025655419753	-0.000495830882777007	  0.00905771977355523	 -0.00759446994859746
 0.000327094795562593	-0.000565358462062443	   -0.150485320288775	 -0.00607858323960881
    0.017686259974879	   0.0159388892743022	                    0	 5.01097660025615e-05

----------------------------------------
iter: 1180
eval: 8.28868e-07
rate: 5.12376e-07
del_dh: 1.01141e-09
 -0.00141798389052376	   0.0274154119320882	 -0.00211126094271743	-0.000906764416044185
-4.02379856114331e-05	-0.000146375764733527	 -0.00832318534087988	  0.00281744229526218
 0.000102009137559633	-0.000276137908472128	 -0.00656751605621177	 -0.00254259731472914
 0.000499759877356398	  0.00038951854294097	 -0.00351369209390794	 -0.00271889880145997
 0.000276025704998265	-0.000495830753863003	  0.00905771995319379	 -0.00759446966018317
 0.000327094788369265	  -0.0005653584663465	   -0.150485301164017	 -0.00607858324653661
    0.017686257372102	    0.015938887434447	                    0	 5.01097676626702e-05

----------------------------------------
iter: 1210
eval: 8.28867e-07
rate: 2.69846e-07
del_dh: 7.33993e-10
 -0.00141798386681975	   0.0274154335786037	 -0.00211126096210559	-0.000906764362464062
-4.02379855564471e-05	-0.000146375758415187	  -0.0083231853372515	  0.00281744228833335
 0.000102009143495262	-0.000276137781832643	 -0.00656751582825134	 -0.00254259731254814
 0.000499759873371342	 0.000389518569540712	 -0.00351369215443535	 -0.00271889874800849
 0.000276025740978567	-0.000495830660306486	  0.00905772008355997	 -0.00759446945087787
 0.000327094783148881	-0.000565358469455473	   -0.150485287284908	 -0.00607858325156451
   0.0176862554832265	   0.0159388860992379	                    0	 5.01097688674313e-05

----------------------------------------
iter: 1240
eval: 8.28867e-07
rate: 1.42123e-07
del_dh: 5.32669e-10
 -0.00141798384961758	   0.0274154492877739	 -0.00211126097617562	-0.000906764323580542
-4.02379855165742e-05	-0.000146375753829939	 -0.00832318533461831	  0.00281744228330516
 0.000102009147802821	-0.000276137689929187	  -0.0065675156628179	 -0.00254259731096549
 0.000499759870479393	 0.000389518588844417	 -0.00351369219836008	  -0.0027188987092178
 0.000276025767089963	-0.000495830592412182	   0.0090577201781678	 -0.00759446929898224
 0.000327094779360471	-0.000565358471711667	   -0.150485277212648	 -0.00607858325521349
   0.0176862541124452	   0.0159388851302583	                    0	 5.01097697417394e-05

----------------------------------------
iter: 1270
eval: 8.28867e-07
rate: 7.48471e-08
del_dh: 3.86565e-10
  -0.0014179838371337	   0.0274154606881318	 -0.00211126098638654	-0.000906764295362212
-4.02379854876112e-05	 -0.00014637575050233	 -0.00832318533270748	  0.00281744227965609
 0.000102009150928862	-0.000276137623233982	 -0.00656751554276037	   -0.002542597309817
  0.00049975986838057	 0.000389518602853381	 -0.00351369223023709	 -0.00271889868106681
 0.000276025786039223	 -0.00049583054314034	  0.00905772024682612	 -0.00759446918874932
 0.000327094776611071	-0.000565358473349068	   -0.150485269903072	  -0.0060785832578612
   0.0176862531176502	   0.0159388844270567	                    0	 5.01097703762427e-05

----------------------------------------
iter: 1300
eval: 8.28867e-07
rate: 3.94226e-08
del_dh: 2.80535e-10
 -0.00141798382807412	    0.027415468961526	 -0.00211126099379708	-0.000906764274883753
-4.02379854666029e-05	 -0.00014637574808743	 -0.00832318533132075	  0.00281744227700754
 0.000102009153197361	-0.000276137574832236	 -0.00656751545563033	 -0.00254259730898342
 0.000499759866857683	 0.000389518613020555	 -0.00351369225337106	 -0.00271889866063633
 0.000276025799790786	-0.000495830507383473	  0.00905772029665373	 -0.00759446910875025
 0.000327094774616036	-0.000565358474537434	   -0.150485264598409	 -0.00607858325978237
   0.0176862523957159	   0.0159388839167333	                    0	 5.01097708367207e-05

----------------------------------------
iter: 1330
eval: 8.28867e-07
rate: 2.07734e-08
del_dh: 2.03588e-10
 -0.00141798382149939	   0.0274154749656407	 -0.00211126099917432	-0.000906764260022525
-4.02379854513438e-05	-0.000146375746334976	  -0.0083231853303142	  0.00281744227508608
 0.000102009154843787	-0.000276137539706814	 -0.00656751539240424	 -0.00254259730837849
 0.000499759865752292	 0.000389518620397799	 -0.00351369227015817	 -0.00271889864581136
 0.000276025809770915	 -0.00049583048143396	  0.00905772033281163	 -0.00759446905069726
 0.000327094773167961	-0.000565358475399603	   -0.150485260748747	 -0.00607858326117772
   0.0176862518717964	    0.015938883546385	                    0	 5.01097711708656e-05

----------------------------------------
iter: 1360
eval: 8.28867e-07
rate: 1.09342e-08
del_dh: 1.47747e-10
   -0.001417983816728	   0.0274154793229084	 -0.00211126100307707	-0.000906764249237208
-4.02379854402654e-05	-0.000146375745063154	 -0.00832318532958379	  0.00281744227369151
 0.000102009156038564	-0.000276137514215323	 -0.00656751534651738	 -0.00254259730793954
 0.000499759864950264	 0.000389518625752278	 -0.00351369228234224	 -0.00271889863505205
 0.000276025817013381	-0.000495830462602102	  0.00905772035905365	  -0.0075944690085658
 0.000327094772117165	-0.000565358476025423	   -0.150485257954996	 -0.00607858326218969
   0.0176862514915813	   0.0159388832776183	                    0	 5.01097714133753e-05

----------------------------------------
iter: 1390
eval: 8.28867e-07
rate: 5.76096e-09
del_dh: 1.07223e-10
  -0.0014179838132652	   0.0274154824850359	 -0.00211126100590906	 -0.00090676424141011
-4.02379854322091e-05	-0.000146375744140174	 -0.00832318532905349	  0.00281744227267957
 0.000102009156905713	-0.000276137495715446	 -0.00656751531321929	 -0.00254259730762088
 0.000499759864368201	 0.000389518629637388	 -0.00351369229118405	 -0.00271889862724465
 0.000276025822269556	-0.000495830448935217	  0.00905772037809636	 -0.00759446897799175
 0.000327094771354516	-0.000565358476479507	   -0.150485255927526	 -0.00607858326292473
   0.0176862512156514	     0.01593888308257	                    0	 5.01097715893582e-05

----------------------------------------
iter: 1420
eval: 8.28867e-07
rate: 3.03168e-09
del_dh: 7.78126e-11
 -0.00141798381075229	    0.027415484779835	 -0.00211126100796493	-0.000906764235729857
-4.02379854264028e-05	 -0.00014637574347028	 -0.00832318532866916	  0.00281744227194449
 0.000102009157534869	-0.000276137482289813	 -0.00656751528904779	  -0.0025425973073899
 0.000499759863945571	 0.000389518632458221	 -0.00351369229760134	 -0.00271889862157644
  0.00027602582608374	  -0.0004958304390167	  0.00905772039191909	 -0.00759446895579934
 0.000327094770801197	-0.000565358476809292	   -0.150485254456166	 -0.00607858326345676
   0.0176862510154088	   0.0159388829410211	                    0	  5.0109771717102e-05

----------------------------------------
iter: 1450
eval: 8.28867e-07
rate: 1.59285e-09
del_dh: 5.64691e-11
 -0.00141798380892875	   0.0274154864452013	 -0.00211126100945686	-0.000906764231607731
-4.02379854221976e-05	-0.000146375742984196	 -0.00832318532839016	  0.00281744227141127
 0.000102009157991437	-0.000276137472547181	  -0.0065675152715073	 -0.00254259730722204
 0.000499759863639129	 0.000389518634505328	 -0.00351369230225828	 -0.00271889861746342
 0.000276025828851661	-0.000495830431819258	  0.00905772040194997	 -0.00759446893969513
 0.000327094770399684	-0.000565358477048579	   -0.150485253388377	 -0.00607858326384311
   0.0176862508700901	   0.0159388828382968	                    0	 5.01097718098024e-05

----------------------------------------
iter: 1480
eval: 8.28867e-07
rate: 8.42493e-10
del_dh: 4.09804e-11
 -0.00141798380760537	   0.0274154876537806	   -0.002111261010539	-0.000906764228616453
-4.02379854191022e-05	-0.000146375742631471	 -0.00832318532818734	  0.00281744227102468
 0.000102009158322865	-0.000276137465477086	 -0.00656751525878264	 -0.00254259730710018
  0.00049975986341672	 0.000389518635989861	 -0.00351369230563738	 -0.00271889861447989
 0.000276025830860387	-0.000495830426596429	   0.0090577204092271	 -0.00759446892801118
 0.000327094770108171	-0.000565358477222047	    -0.15048525261347	 -0.00607858326412435
   0.0176862507646291	   0.0159388827637486	                    0	 5.01097718770532e-05
